132444112233234223124444112112243112333341233331231341124444223113444221333434332433443421444214431313432414331423142421434343424314333344131232114443123131413324221224323112
332342231244441121122431123333412333312313411244442231134442213334343324334434214442144313134324143314231424214343434243143333441312321144431231314133242212243231123234442443
444411211224311233334123333123134112444422311344422133343433243344342144421443131343241433142314242143434342431433334413123211444312313141332422122432311232344424432411343313
243112333341233331231341124444223113444221333434332433443421444214431313432414331423142421434343424314333344131232114443123131413324221224323112323444244324113433132242333232
412333312313411244442231134442213334343324334434214442144313134324143314231424214343434243143333441312321144431231314133242212243231123234442443241134331322423332321141142244
134112444422311344422133343433243344342144421443131343241433142314242143434342431433334413123211444312313141332422122432311232344424432411343313224233323211411422444441343341
223113444221333434332433443421444214431313432414331423142421434343424314333344131232114443123131413324221224323112323444244324113433132242333232114114224444413433413343234444
213334343324334434214442144313134324143314231424214343434243143333441312321144431231314133242212243231123234442443241134331322423332321141142244444134334133432344444234342113
243344342144421443131343241433142314242143434342431433334413123211444312313141332422122432311232344424432411343313224233323211411422444441343341334323444442343421132142214312
444214431313432414331423142421434343424314333344131232114443123131413324221224323112323444244324113433132242333232114114224444413433413343234444423434211321422143124331414232
134324143314231424214343434243143333441312321144431231314133242212243231123234442443241134331322423332321141142244444134334133432344444234342113214221431243314142323422342212
142314242143434342431433334413123211444312313141332422122432311232344424432411343313224233323211411422444441343341334323444442343421132142214312433141423234223422123441122113
434343424314333344131232114443123131413324221224323112323444244324113433132242333232114114224444413433413343234444423434211321422143124331414232342234221234411221133141311123
143333441312321144431231314133242212243231123234442443241134331322423332321141142244444134334133432344444234342113214221431243314142323422342212344112211331413111234323313311
123211444312313141332422122432311232344424432411343313224233323211411422444441343341334323444442343421132142214312433141423234223422123441122113314131112343233133113211411344
123131413324221224323112323444244324113433132242333232114114224444413433413343234444423434211321422143124331414232342234221234411221133141311123432331331132114113443312431331
242212243231123234442443241134331322423332321141142244444134334133432344444234342113214221431243314142323422342212344112211331413111234323313311321141134433124313313313331344
311232344424432411343313224233323211411422444441343341334323444442343421132142214312433141423234223422123441122113314131112343233133113211411344331243133133133313441123414111
