312421142122423231333311412412333244131331131133333211332333311422423122114111111212124124114122111133223123141432122232232134322442214413314212231311132122221311233321333112
133341232311223311243113321324221141121111211331124233232143322121242232311111213114241241141221141111143123322213224141441432112232221213223123211232221142114224123132133133
131432432313232413332411223121113112122114224131131414121321123311212224412311411231111214241113413241321233323322141122143111412332222421413212242432131223232123311413323111
422124421231112322122114111114113134124114122113434133214143432433223123231231122211322423112141431133214222424122132312322334214224131113132224324422112242111212133131423123
113121221222213314114321321214332133233224131312143111332213231242241211224222433243212221312122213211322131111221232244441222323241131212112314112244312221111313114221423321
333131233312213323223313333323334233113433343133123423414342414432413244412443242412321411114111244323413323423121414413412433114223322324414113443232323334222443233133322433
414412324144424443211431413332433124244324113222233322122422221322242113122212142242422142412224242422424333224241432121233142121142234314321411422112332234131234432421224411
142333244144224432413222322332122232322223132434112242424412244212232221414322444142242323121224112231212122221323212132131323111313443232324423142211411112312221214112112111
211311311131211141211444444124222211424244111134444231222243111141324234241131212111211433342141143111113233144132324333214424211114144111431224443211241124211123211113241314
133242211232324444334341322132223231112411132312412424214233111241212142313443131112422143131144221224233344111144132144111111441111244212232431433332231111231144131124241211
422422412333434441344413123244343331134244443224412134144411222424144114134434314441334433443412211111434111421312242322143343343444143324334342344132314144211424424343234411
124411244333341333142422112124444314144223142324242121323231143331241243143314124422133141134432142114431112111311241111231423314441423121223233324141231232323323221332131411
312221222121221112132413132224344422111124222112132122222311222414422421241412112222412223212422123122411211444142324433321122412421341323223222442243413334142333223213123114
222142124432223124414144222432122314342434242133123443143333111113134342314414123233331433133124443214422443143314422221132244244441421111214332432331122311112232412132232121
434111123234241312412141122444142212211334141344423222441434133332432332322333343142143212442314144414212332144114141224232431444332144432334322413111222121444144433132422322
442222422423422224411242333124234414124234221334424222432221322424313411211411113141422244142222441142211244121131231142223312243422332342431222214433141111234133131111234141
141142234332424241132212233111314322224414214243424241134211131314222411342222224412141413113212423211311111133144114133344323144334442242311212432111434344113423334344111233
442442411331133132244244234211241431122324441344113341321322244442423342422232222422312122111324222212442313113131132244213412224241221223132432313224231314211121213131123123
324431423224242111412431424211442231142433111233324411441424133323213243332144112432424314421333331132234422444412324143131443211224232134442142223122233312332323222222443123
213321433144443112444132431224312123332112411331224141222323244231221333442412442213214144444433232142132141232121324332412144423434432443341331241332421214231422412224143112
133214331444431124441324322243121233321124114212241412223232432312213334424124422424244444444333312131321412331213243324121444234344324433413312113324212142314224112231433114
431442431111231412423222141344424141143431122332224224444131244111141241331433314214131233313331424122422422424131141111221312141231242222131131421223231244112424234423244144
113123412334323141234431311334113134433333411423444312333111133141313313343111414413321413111444331331314223114433243123144141333134441311133314131111233313131111443241333133
231132323114123322332322322132224223343233234332142333113131431123133113314123411411133434431442341333113241431131234132431132231313114332331132443323311314121334311141133311
134431212314331123113131433311313111441413133341344413131112331144423144241233343333111313144132311143331331411444313133331414132331314433123332323311114133341413411321313443
131424243112344223133421112212312241212324221212332112114312231111233112332333324112113143331123343111421322244421214421211233114224112232311421413113214433222414212332424123
423113141334331314144133344321111333323324141311413314131331212333123213122412333111131111213241141121221141111113133224432241314223121143413322121141441213232121342441214141
312313221413212142411141111312121224114113122114111114324223441413144412223331233132121224322213311211312341432213121323323224111123114141443241422224331344424314113344413114
332331133231223243242244131133324332324411312232234113233444434411333243134114431334434441113133133113112423312313243243233244423144121311433421312331443112133232442411122234
211431231121211322123243123211233112324322333142132232212121322411121114311241241121221141111113214432142122421214232241332232241113114421433214322432211334432322111444123414
214131123324133444311214413243122431212332214424421224141113323243313331334434244123232124444444433331214132444232121324332412144423434432442341331324132421211331422421323113
122431144231324114224241134341134323343313243312421214342431124312111244243132131241213414441124441113332331244334112431444241314332433443441243324224221421211233422422243313
411114212122324242424342322442131314221421424141424411441111411213132224111131211343122141121442224111414224112311241412311244232223414321441443334221113444334234121211211113
411114212122321342424312232421131214224422441411421222244121211313422241121442221224241123411121334124434112111333114114333441141344432123412121424141342434224332343423234441
131242421233424414412343334441324412233121233312243312333113111344144421213331331342434342224314244411232431112221423121324332412144424244433243132224444213231443242231212112
243424232333343132242442211113312411142231233311131123222233232232222232222142442413113321324412244241221331123242132142422421221141322422424244141111244132322231141141222224
132341312311224424413322312313332334334211422432221433234343212122223112132242442232121141421432211113421212141344332131212212141124342123344113433114333441311423332412121214
421434411131121322424324244242434242442311432143442414141311322141222112221122221142311212133333211122112232121212244121333123211122113213432331413413211122214211443221212144
424314222244121424114412433324134421333121442113114241313212441232114314444323132321343243222131432443242414221111113423214321233131133214444132144222233222212221412213112212
231232424241132234241224131432311313414243444311334211131314222411342222222441414141321321242311131111113314411413334444311333444224231121243211143434434312333434411123341212
111333314332241412432134244134144431243331141313133221133244134444423423314424111421333123222444243244414213143324121444343243141443331324131443214212111112323243242131244113
144133134323342112341433311421323111333314313333244423134333213433433322221134322344321121444232123344344422413111444343144422133244213213414322444242333244414211233314442433
444344343343324241434434434143441433434443433414314443314434441443423443433341443341434143343443344433444334143433414341431441434434434434434434434434441441443143433433433114
433444413314324122132242332434142233232241413244334111443143313444433133114434434314343243124344311444411111233223444241333324424431123332233322144143124142424423413131223133
434142241311441331424444433444344414444411441333331334324333223334444144344411124312444433133314323343443443321314334444214333114113322344424144434442443122232222332121334123
323211442422232441112241311334331424242231141223141331424222311411313441243143143143232232443323231343312331444413322423321333232242423342342314241123232413234111144213231432
112132222113112212132131211111144424211334111134422431133111113442431212111143222424411114243122131441244343432224134123311143113413332131143213314122242431314112241121312313
224123314311114121121112443312122214111421444241344212221312223313124312223312224121111124421123314212124111211124121111122441112422222224111441312442331412214122243134144134
421213122242243212221321332124222421221312124312432221313133121311211221321211242131421314242113121332424124243124224224212222242122222421222224212222242122221212422211211133
332241331243322321324324312332322131421124221314213312211312324312444124213321212121324433344131221212243312333121323321242443321421312323321331124322331331331332121214421223
113111441342324433143143143223243232131144112244211322222123244413243331144112122244113243322214232322444121322111433212332112144142144442312232322442212232212122211412242123
121211424241132131322123221112412421132332214412112311212131111223312413112244343331134244443234112121142344422212224211122123332144413323341431214344414431212111143311214131
111323321443311123114314432324444243424431123142313111323331413314324324423434414411414421133131133411133113412312334424324424132313434324231121334241313141424331342332331314
224224433112244233144141444244321443324322322241413323422443121113342321324213221144242241123311441324224221222244133123224431131131411324211421214121122211113321322323123141
424143141143331332341412432134244134144431243311413131332211333214344444234321444241112313133134241244414213413324121444343243141443331321221443214212111112323243242131244313
324241141111113314412312313434241422441211443232441244242132413131311431144324332331224232314313341222321443143133323222112144243114444442434424224424142313132223422431413111
431423411111322324241144231312333214224412213433432222411111232141142242224411114141212324422342124112144124323224114111444332234443311131232442344331234133141334334413331434
122313331111423312223342143443343111113114112421111414331414132413121211434224332243433222322131132312322114242212222411321423223434234134241221131431413143332324231332441111
241442441111234222223222241334211133231212141111344212112231132242442221323221242224124134342422124221342311131211212121144122231331311113333122123232422232424123111233131114
224343231113122221114211411323342224443222424241143312224444111211133324442221211144442422444144243222312322312144442141314442241144142313241433441323232244231232444114111413
411133321113422332432323131412313444133324334324343143142123344441423314343424133422132413433141343343133243333213423213114433324443121423434334343423323234143343133223211111
112223121114124224112442223344112244234114121211121441232244214124322444431441113321111234243241134342322232221211142443232342341311211431412241143232423343421213232414144441
114243231114321324411314132214143221223111222211114133122131131222322214121123322214111133332322322212224132214224323431221111421123221111132323314133212121423123122223141433
131244141112311114121121131122443232423232323133122431131421243223323124314122433123324421132132424131224312222114311312414243413233333434143113311421124334242411331121121121
413434211112434213113111322434211133111111124444311121141122241211421331322111222113233322442214141244431431122312241421241211114221412213111122242224131124124114214312242211
143244121131243214131122444141222343431331123221141322431114113213421114333231334144332341414311443441113111311222121113243114432344121211433232334221424114224414222234443113
231234411132424111341114134133222221111211224121111211431111122431122221214244113144234142322243323441444244122314344331233212224121123234344244141212221134124211212123413111
141231331132223442432422422211231311241314422221341444234143244141333242443224232242412441114132412222233133242234131443213212412124134322422232222122224314132112231111321131
212134211141411312242443122223312243221224322442113124312312313243212312224242424312131322432212142212234333214131114311241441111141411112433221133222223323121332222322213143
224212341121421113221331413423143311231414144423234342323213142342334142124414111113222213124133221414142242232241231122321324344123244121114121312312323232223121242412121421
312333131311142131311311434222241133134223212141341134242312232244144132231241224341244232314224143122313322221112112224311144434241334412422221114442331423323323141232311131
444324121314441141122241111422122441341214233444132222241143232211322444231231443231222211441411442222123142222141222223213233244214113243243243242143222232213222212122441211
431122331333112411111113122331112231124122431122122434434424431224441124431321121121121243124323321212432242213212111114222311312111314412331321321112222113122211222222121314
234434231343342424442134334431331413211411322141133234324411144133321313342332432413113333313343232311142141344312323243424412131343343231342111443443413113233233443344113143
441243221343432341312413322241442441333312441241433313332332321232232322241142222341342442314142431331433431334344342312341443342321332434313433322323343344311343313313321143
121241131344132121221143144244124141242222321414134233232423323233424143132423141442343433414143414412212211141212421342323214231444444221122421224111414442144224212232332133
434113331321314431244123434321113414222332342343414131322314344231412313134112321211111324411234133424313114244113311113124112211321221114222313112213344242432431211343341113
422343411324434241122424333133141444241433313324232413224433333424213121121323444423234431333144314332243424424321233243243144434222322144223234423141344334343243414431213143
324231421414131242212223134441111111141313441411222141113112233414223312213131231222224211232122211212441114123111114242231132223111411214314113342223131322312341241141131132
423412331414323413324321111312124411133213112232111321332223341142233343332131122324122141113131211224432124131231342333122313121111233233214441122211233132431222312233334133
423213221414444212424122324421444413441144321111344222334333334232411222224322234422244143341143343433434242322423243243143123422324242242323242224132422222324212224232411143
442141221431143443434234241322232113343131334134421332341233443432244241434332441343342441341234232243441331441441431132341441143143413311343223232424444141344341332443341144
233114431431233443144242233133424142443114443223223141444143244323224134424144441233144241144314434233224442444434233444343233131114334314134212131413442433243133122424333432
223432221433131443122432112424332314141313133211122214313423331113312413123131414414432442433224432221114444141242214131442113231321113122431332243344331332224321232224324114
432444341433411331314342313111122224242421242242114242413443141122414322131421414143234431414413322141131321314314324222224143133224233222424242334244242431132113311211232131
414211131441431214224223223123412411424241113442232432122322241114224113132222241232223312122111214122131111124124242112441132344112242223211122323342423222222223334241112113
223131211444143323314244444324212312343343324224324312313432323421141144144144133323344121313313343233433214313443234232332312342132141313141211311111141134113431343234423433
421431111444314344343124114414222131214113334114331444443433244124322241414142441212132131132132131314143412321143443414133441413431412324222423134333431332442222432231441112
214323241213221211221211222241231232221232231411414133223232423313224414333222423213233213241241421142122131333222433331313333322233322132322332232321134313222323323222333314
114334421214341441122241111232222243341324223244332432141223222111222244331331423332222331441114442132331314332241222223314333144434313213143344442243222242442222222442241311
211313421212234421131124124232411413221331411422244131432311241314242331232342343224231422223242424442111111114132122111312241124224434411124143142232422222414222422223211112
122212421232424241132212233111314322224414214243424241134211131314222411342222224412141413113212423211311111133144114133344323144334442242311212432111434344113423334344111233
313433231241121223131141141243222111112432311443312111423322141341423321314114111133223423223241423231243323111133214222412141314412314421214144221211414242111242141141143424
121434211243211223432343342422434222212342211114244441131411111211113242222312211122422441121222143441113323113243312111213434411241142343314122132231413232413443211442411113
431314411221112124124414222241221311324114331431223222241331132211414242443242132241122123141344113131321143443144121411413411411414242422424331444314342222432121311112134141
311324133112131411121242232443132221411124322324122424113422421122132444131124212133421243132214323124222332323141314112314114111211324134144111243222324324324111421244111314
441114243112322142221111114144144413341111344223113341111344221212121113314333111111221431413414431221244111421114124332331342324311312321214133142242431141342221123222322243
412343343112244233144141444244321443324312332243413313422443121113322331324223224114212241123321441324224221222244133123224431131131411324211421224131122211113321322323123141
444114323134244134141221312342334131111422334234412331212241411222422433111131112342334412424314131232141442413114331444411221332212222334212131132121111113224441443431113442
134213343143424224413224442441141441444443113334223432312324342333141223444343124224211114241114211112111114431132313311443312443413341434243422342232222224221232424232142134
112421413143213242443112342442444142412243444322242113232112312242222212224321312324324334311434233114443121311221212442141333132132314322323321321111323142312232212223141133
343432113143232234314332343233441443122441132323314223424414414222424333234422213222113333222231443233331443323213333413414223121334113223413431422141411434423413443213413241
332343113144311133122241124412423112334133221322223221111424331431311112432121143131132223332212133441413332332213143312444131441131441213133124412132423113144131312314213231
214222323144311133122241124412423112334132321324223321114422331434311112433121143133131223332212132441412332331213143312441131441131441213133124413131423113141131313311212231
443311123144421412112313231324142413123113123124434232314443133111341232212411314124411132442441411343314112432132414123141431232422441141124422442441122444144222212121314124
242424443144424131114131211244122331131324242311432223144214132432223222443124233431113412224314133114113244424124333312233224133443223433414123141142333211414411414431431323
223242243144424131114131211244122331131324242311422233144214122432223222443121233441113114224214133114113241424124333312233224123443223433414123141442333211444411414431121323
142244213144422112112313231334142413123111123124434233311443133111344232212411314124411132412444412343314112431132414122144431233423444114124122412441122444141223213123311124
141441413144213241233111124411412222424341311243223112334124122423414322434411111131124111414212444414413324111123411131113111222431431121243132313224411421243223124212231412
424234233144213241223411124411412222424341311243223113334124122423411322431411111431124111414212441414412324111122411131113111222431431121243133313224414421242223124212231412
133431313144213241223411124411412222424341311243223112334124122423411322434411114431124111414212441411412324111123411131113111222431431121243132313224411421243223124212231412
414124433144214121224111412414332232113341442341113421342232323212342333423144333332311143341412343131414132241141242322243244411411313141232241443232312441124432111413114133
414414223144214121224111412414332232113341442341113421242232323212342233123144333332311143341412343431414132241141242322243244411111313141232241443232312441124432111413114133
241141423144214121224111412414232232113341442341113421342232323212312333423144333332311143341412343131414132241141242322243144411411313341232241442232312441124432111413114133
322413143144231122121223112124411141121111411321141112321124234314232343133343414121323131111133133424413312124433121123114114213131231441141314414114113331431322144124111244
341421133144231122121223112124411141121111411321141112224124234311232343132343414121324131111133132424412312124433121122114114213131231441141314414114112333432322141124111244
423111243144231122121223112124411141121111411321344112324124234314232343132343414121321131111133131424413312124433121122114114213131231444141314411114113334231322144124111244
213433323144231122121223142124411141121111411321344113324124234314232343132343414121324131111133131424413312124433121122114114213131234444141314411114113334231322144124111244
424432213121111223242421443422234123123323113321434323444432433411321313132411113431422222133432234431111123233221232243232424144223433433433241214133433433113421144234443233
422242323123323331114234143232314332434231231333144414311223244333112243114331233111112323433114112223243211111144411134444232133224133323141334424144143231131311442233333144
321144213123412432441222324141113343424414132324144314413144442424433112123331433414234212221114433143412433334413321311114334413114431322314143331331334433233131413331413133
341442123122234111413411111223112421232341432342224232324214442112342223441412322223241112243432421312222233144241314141432423243242211231342341343411413214224111121134322114
232332413313432214333244323241122423143242142443331441322114241322222431432413132214134331432114443241444314113322122111222242242222111313432431442442441431431441232422232122
142214343331111132413313341334312233122232341212322341341214421311332142314131342341134131122111324421343343121243341143143431431141232212243233232213422221134423434223211333
213411143331143324412422413233122123333344131331412422221313414412323221112223211323334221224111331343324322313433234222132112441121221121112123223324224432323222411424422433
234331123331144123133323114423344333134414243441222321234114431111214132323433243113411222232333143443334243241234143414133144411131331344222331232132431222421123133334412243
134343323333143233141443123143434343144344431434444234233331413143143113241343423134344434143333334233133232433144443443244434232433332334321334334334324231323233121434413433
141143343333122332141442433412411223244411441131213122323421422431223424323431222323422213233412222322142112221142334222441411122221232234332242122231134241123223423424114144
142334333333233221223313241234334344341224434334243334411224312334244332243144343141413132412211111311422431242441111123111121111142324413232313432343224423324211321222242141
411332443333243212242233344444432232443211431422244241211212414141421232131132141132214141141132214143311444312423112241241243312232211222432131442413131441431141212222423122
141422213333243232242233344444432232443211431422244241211212414141422222131132141132211141141132214143311444312423112241242243312232311223432131442413131441431141212222423122
433342413332421433441444221222233114442241423434441333334422341423244413344334413243443411344444222433233334231243114133334322431112233233441113144413414333322222243222233314
244132413343222222444443433344441443443443413444413444413413134233233124422444441342343433431334342334343234444424422234343243233232233341324433122233223233212144314111114123
412344233323242144411433114112423314414421333322332323441144412324133244141313123131342432221313324243224242221111122422131432233334113311424423224422223132222212313132423112
111222143324433423444434323434224444114424134442334243243243343234123422422223444241133344443133312234433111233333334213113123343432143412134323413424213242234313234234233331
321441433322141121341141311433243434244111333431413232333423342441111131323212212111112134312124132323213422213123113212221131233111121313211314412233322314131233141111431113
434221333411412314322344343134324411413434414432323223142111213243434324132322114413214222343433322232311122211434341111321342312323314344331313334434331431332423423143433122
313421433433343143134344123221344332434231231333144431341233234333112243134331233111112333433114142223223241111144421114444232133244133333141344434114243221133344423233333143
413313233433344211122132142112113122111121433144431223421123434423311313143124312224414423123423311233212111111143111213212222142313131223213224213111223122424423113231333413
324311213433422333421122131214432411114443144114444443233414123233444231113234444414113423233121233444142242244134344343221433144423332123323324132121343323134414434232414423
344123433434113314222212344324332413422223111132313343341423443224141121113442413122423344111232213123441311132324133411331323241411314142123422324111332422323312313141432442
232231343432113211123434331212332143122233441412211113123142113133423322332222223431111322113343111111434331134111143123231111113121211141413311222124231222312321221211431113
112313223442441114413322243112323233144114324314414314332213232341214134432333323142441233342443443233241111141324212433311443314134431434113234234313134314311314133133113133
232324143424422242424222422242213322424222422342313224234131434333243411224424243331313343434432243411211213222441414232222433233142423223342224213234233233232333232334433444
322132143422332432323131412313444134321334324343113143123441441423314341424133122132413433141343343133243333213422213114433324443121423234334343423321234143343132222241431143
142233233211241324114313311314142223333314114124441333313441444132214441424132444211214111323241444111211144114114332211413122224123333432243211224323224432132121233121121413
443131343214233144141444214323433324322313223413313432443121143321314321222244144234241123323441314241211222244133123224431131413421324211424224131133221142211314322123144121
113434433212244441413141122244131122432414324441333313241332233334413442443334342321342443442444144332322241431441442323241442431434332441411212224313332332441332443344442441
232124323233311113344144241432334344232233213241341333324442442143444222242113422144142142243444244432242432412332224321332121313133224324243121222142312122424324224422211411
333122243233313121433233222424324433244134343433222421231414244231414223324213411411413341443132331324414114144332421111231423213444413134413143324222423132311341441313411323
344321443233313424433233223424324432244133344433223423231414244234442223323213413414413343443423331323414413341333121114234422213444413134413143323222423133314344441313414323
112322213233313424433233222424324433244131343432222421231414244432444223323213411414413341443132334323414413144333121114234423213444413134413143323222423133314344441313411323
121121233233313424433233222424324433244131343432222421231414244432444223323213411414413341443132334323414413144333121114234423213444413134413143323222423133314344441313413323
444334433233313221433233223424324433244134341433222423231414244233414222321213414414413343441131334323414413144332323114232421213444413134413143322223423133414342441313344323
244142143234121123132233233233231143444442433234134444114424421443434224434431234424414434424424434113231414444434422144324233223223234132413233124123222223243321214414114411
132242313234313424433233222423224434244134343433223423231414244233414222322213414414413343444134333324314413144331123114233423213444413133413143324222423133414343441313141322
222134133234313424433233222423224434244134343433222423231414244233414222323213414414413343444134333324314413144331123114233423213444413133413143324222423133414343441313141323
423423113234233232414334343232441443122441132324311222122414414222424331234423213222113333223234441332333443313212334412311222122332113222413434421114413234434413443213413241
222423333232131134241334231141142242213443224222313134422324122223142423143432423143122342221414141322432214123244114132424221121232423114422433141222333111134241442421222411
321324343232342243334321321333144333343343324232443332422432312212132121343324414322314331222212441323232311411331442413142313343314121322314114442433214331423313324143434144
231424333241124244321133221133324314321414313421133311242421232142342112414311224344412444133113213222444242334242223132222233222121222432212442413112121213112121212122443133
121311123243424321123422341342214233424414241432232122141423422113134222411211222321324111441421411411144141223122333112443113111444412411211423234443234123334144342311212442
334331243243232313141231344413332433422134314314212334444142331434342413342213241343314134334313324233321342221311443332444312142343433434342232223114334313222321111111111111
244242333244241332342322342211411431341322331431422444433134424441344133321313242142332314213333313343442111442343244411413333424412331321323234132311411143233241311331141141
132331433244224444324322333143214214333224411324134443132434233133244331331312344134443144312222244243243324444432224221221114433112244313231333334144141444412121223244313423
422211143242444123222122323424422322224213222422243243111433141111111232144141333123213144331421123444112332314332223311424411444442321144112322322222232222231421244241231433
143412443221322411123211114212423232442421422422214311213323442333323323331432324421323314233334434443443411322332331313322411144412423111223324423313112222312242322333232314
112432123223221443324324331323424422214314322411111244311334431432332322334442124432422422431411212411142412332114313133331331342122214433241411431444142222111132413142221441
132324224111324331144311241424333243143242422212221124241342312421121111221242314324324142422221221322322444244441322441212121142144143141232424244221432313143113324324331233
331322444111232212214331232134111431431111231143122122211413234212134233414143211123141212314114242221122211333111343133334111131434113341222234122341131222232333311133344141
433114124132423343244244331234234141434333334134432421234433333442344234244232134133414134222232341233232132344233233143133234333331443213324134444443134134443333342142333433
213112414143221324243243232221123131344133112222242124233431144433133314244421333243243211111414231222223322314211111214331332244222142431243222424222223141322231232321321133
431234124144124422344144124444112222314133244123242324131434133124114444124144424444444324224414444431441423243132333242122313241434231232112111412423212241232322221424241123
233132334144443424232431214342243424333231232131332231141342123144212224213311143331334343234331312224233424144344434343243221413433132341232343233242333244143131333242421332
211314314142143133231113224124333433232324431233224333133143144231114321241113143333234433432413243343144223414143144234431233133423141214444114442324222233131333231222414433
434131434311211442323242241112222323331431431332313223332322333113232442122321113333422314344312132223233121322211144441242311122221432332323324213331311232231242322232233314
211142114313222224332234221322431232434242421431214232433244221221122222233113244214132441232224243411224332133213423133123334112133431123111124224344313223221443221222111133
224134314313222224322224221322431232434212421431214232433244221221122222233113221214132441233224243411224332133243433133123334112133431133111121234344313223221413231232111133
243133444314134143443342243343343343443312323214312413314133314434344111342421324442434341323312313444342434342433342434313334233233234233324123211243224242332333334311434134
341131324333341233142422112224444314144223142324242221323231113321241243343214124432133141134422142114131442423211311211331123314441424122323233324141234323222333224223131412
123123344334441241334442332223224412111333432311243334414122244434243333343414132432143341421424224442343411144332242442132433241214442432243414243333444144232342141334243133
231441344334441241334442332223224412211333432311243334411122244434243333343114132432143341421424224442343411144332243442132433241214442432243414243333444144232342141334243133
221242414332424241432413111322142142422242414412211311311221131314243414324222322143134114123234124232114111331441444333443114143344432423112124321111343441124333343424224233
124241414343111321441221122313324212333222333233133343142113231434324434242413424424211142222433241133242442244431442131243311311332232114313334343224242222432221232432433123
312144114344144313111344344423314444143123411444141133314343343343313244343343432313313132323421441444144144133223323121312343343434334312132114444112131141111331134323442433
123444234322311113241242242113443234412342313341112111223431112242311111422422344324242124222211242312241111212221414424322341232214421111222344234332433112222331242223443422
222144424414142141434414141441142114114134332334442114441343334333224444111113311243434213242114414414441312244114114113242331111323421143444431133331424224421411411221314214
323331114414441212424422324421441413414113321111314223334332334232411222224322234422244113341143343433434342322423243243143123422324242242323242324132424222324214224232411112
133142214414441212424422324421441413414113321111314223334332334232411222224322234422244413341143343433434342322423243243143123422324242242323242324132424222324212224232414112
323233134414444413424422322221441413414144233114333234334332331232411222224322234422222343341113343433434342322423242323142422422224231222423242234221224222244133422232111112
224214214414444213424422322221441413114144233114333234334332331232411222224322234422222343341113343433434342322423242323142422422324231222423242231224224222244133422232111112
342423124414222431222442412241241413141121212141141141112133222443322412242413233442143133411233441122213224224242212113141312124311232424441111211212224311431413314222131442
243224244412332144311122423213322213244231431142322223313112414311323111441112333314322314124413231123332414114144432314241422313113133442411413341242232414441243311112412132
343241314412332144311222242441232224324121322312232431323111433431233443114142312444411113431423311444131433314313111232332311441413141133114431233142112133141243314444113244
422114334412332144312142423211313222313241431132321223214123111123133141132232443124431313233114414422331143222141244132314233221144141442224143311223132314132423114231412422
332112234412332144312242413232323223241441131142424244241244144142243242334141431114123224241431442133232214144124141443222311113141143214332233214223141314143341411243212211
241334114412414333133324322212322323223411422223413424423141424312314331313343443123123414431423213324342131334223234433442113432133134211411432232243223224311121431432431133
343112344412441133413213222444242334242223324222212221332244324322124424131123214242242243312121434122441224433123344121224222214131322424222424142141232322324131214412121131
411212334431322324134322423221423122121433231433123213324124213423243222113114222424113134324324134412214124444121222111144443143112323443242324213223223232432342211133112143
231133214433134434431431434433122433113124433311334341141443112424213244424342412433132133443314343424333424343133343333332343132214114121324143142323341242242423331434431142
413443444432434432214414443141143241424134234414441432331344334444433114121133213341411323141414234224411413444114411433311341324143142331333314434241223244234333442441231143
314411124432434432214414443141143241424434234414441432321324314441433313121333213341411323141414234224411413444114411433341341324144442334333314134244223244234333441441231143
231242134432234432214414443411114324142443423441444143232132431444143311312133321334143132314141423422441141344411441143334134132414344233133331413424122324423433344141231143
311422414441233214434222222142313432211123222412243423112312444231122422314322222241141142233411212312331241443212311312143232412143142414322112243243322411144412412211322424
241124214443141413111111414432142243233314323221141414143143224414211313321144243432343221332433433222321433444444141324241112222433144234243424414144431313141332344424441233
232121234444121344134414144132334142314114312344114244424223423312331141143413431211321223324311323313311122323324431432324241421322324332232224121122442434313113343414134114
331134434442334314431331113211111232141133334224411144133321213342332132413213333313343232311142441344312243143424412331343243331342111443243341313314412241433133123441123413
113122444442334334131331413211411332141133234324411144133221313142332432413313333313343332311142141344312343143224412131343343331342411443243341333344444244133123323214132413
234141414423133134443121431224323133342411231142312341412223232413323241142431324244224342443244411233134322413312421324322412141423434432443341323124442211142314224131141313
411143244423122112223111421443431344111233211122244111422212443212314121413342413422212411241311443243131412212141413314331412334211122112442423213134132441443312133143232424
214211244424331411133122411333143141111134214131332211441311134114122231314312143244131421334144431424211213124224241331443134431141114132234314134214441113131142121431121142
324412114211114424433233324333144433424233113312224122141144421431233234441142434442444324344224314433144434211114141333143242411414114333234141332333333123233323221332242423
232314234211413432311322242323412321433134311134411234412423222431412331212222141111311132311111314113243231222334331131223112422211214232222222213331313141111324131143413414
341141244213133333244333234421213333143243334244141123234344113143123421334444324444241133222133314334233234444414313143432233424233333343431343421424444433343414342442444423
232143134213424311241414124432342221113111244421113133243323414114132334444221344144224434214124423242333244134214434213222333243144123231111142444133414433443424444243131441
313423144232134244133413114113142223411234411432243221134214223211314222222122141414314123232412411311331134411111413444234133423222311212432411134343414111334342423113242223
443332214232134244133413114113142223413234411432243221134214243241314222222122141414314123232412411311331134411411413444111133423212311212432411134342414111334242423113244123
344234144232322442443122122443231142223222111322114343433424432332432321444112111414341432311111141313222212222431113231112111442432111111231111113113411332111331143133231111
323224444232424244133413114413142233111234411432243221131314223211314222422241121414143141232324411111241133113411111144244221413313322231121243241113434141411133434212311333
223443134241222122411344222222224222142242424224312421222244242424122141311222123424332422224424113133112111122222243142122112422223331122242422212224333241433444314223123422
111234134244222222441211431411414222222114142431131111143222111431432141411122441342341341112112241213443143441142411143142314211241212111141113232212113114313241122141121122
342134124223423323431433334323444344312244113232331422242441441422213233323242321322311333322323344323233244331421333441341422312133111322341343112314341423142441244321241224
314342124224322224321412134223134444124234122434243121414144231244323111111244213223221322341212242311143242211124211124411212214113123114112122211121344112143222211121442411
243243212131224432432212442413112241311122422133121214321224412244331233442413111314143212242221322422242244222312133122111221311442322141113232311322212222413132311213143111
432314322133321234123314122232212212424132344113121122431333212313322232212111112222222312412323134231314222222222231212423234342241213123334212411121222114424422411123131331
313243122132423422143444314141314412141314441441414341144144333311323413343413314242433213243111411111441312244432111412243333114114331141441333344441334341333314433233323324
114443422132224411434223143421224423422434341344144131221112344422223243142123424411221333242314241211143214141131212234224133222324141111114242224212143223241433223243324111
442113132121324432432212442413112241314422422133121214221224412244331233442413211314143112212121232322242244422212133132214322411141442211113132131232312312211132111213113111
224422432121324432432212442413112241414122422433121214321224412244331233442413111314143112242221232122242244222212133422114222211142332111113332211322442312132132311323143111
213212232121224432432212442413112241114122422133121214321224412244331233442423111314143112312221222422242244222212133232411322211142432111413232311222212122121232311311123144
321232232311433323344214141143311411242332411442133334343434441232412314414133112244314243222134324331322244222111113242313143223233111331142442322442222331122224224132413112
222324312312314121314144113223223131133222444112441242132231422441244224143443113143411144134423441441414421232432422331444331322232432443141142131134144213431141444243132131
241232422334144143133323144423344333134414243441221331234114444411214132323433243123431232232333143443334243211224113434133144411121311331232331232132431232421133133334412243
411444112344444314144244144341324141244432434423244332244144344124432443141432312233434223444442424323334424434423432241324122233233434432443312242422323321443141411131131413
441342232344444314144244144341224341144432444423341332441144344124132443141133332233434223444442424323332424434423432211324122233223434432443312242422323321443141411131131413
141114132321212331131321141111223142343433233111411441143123122231212112342443113122441211113134133231113233322333243231314132343231213111142231141223423222231442414411233123
413331132323322212212223131324424424431241311142221114134242122343242212122424122243114323142242341414141324214134243344114414211422132324223411343321123213214123234221444111
134121242324332333132331244443322241214231131241212122242332214233141112312313234412221221244111131213342224343323331142222221214224212134411112114421122333324432242313323214
231231232324414131443211441243332231442133334144211311414131323444123241411444413244114223222111132423314222111114322321243324112144241334414433443133222233222212331131312222
313222332322432321223133422132222322322433342232322232214212411233142124332433242112242243433321332422224432443443212243343323424222313443323142214213342242413343313344322443
413144422433142232213111134323243323223132422312331133114323212214141423442321111334431121343141231434111333122122421122134331214414111331213322233113231221234112312331212111
411221122434323231441132234333144232343311224444241233242143433434422231431231314422122224332411432243244443421112333232343322422232314141431222314433442222431423432432431432
312412332434322311431344314443114234343413443334413322232343432414342344413311311334332124343423332424231431424322243313211124341211311334332431313432422213342341243444313433
341344312432124132314442343144443113424212244424343413234422143443324343424333424343133343333334343113214122431141111113213221413234213242242124212331434434434434343113411432
244244222441233214434211322312312211123231412232432324142424132213243411414431413111244431132431134444312331142321133143314132332311414331313143314334314112221441444214323131
113422312441233214434211322231343321211422414122223131132241133312221311131244431122311112321112331133312331422332314142323111114444313311314231314112221441441324331223131423
314134242441242434342441443222432441143313342441131232341411334242213322241332443242212222331331131314244444341414424331332334441332431222241142422334141334222441121114221123
432142122441242434342441443222432441143313342241431332241111234312223222241232143242432222231331131314244444341414124331232434341232131122241142132434141234222441121111122113
121334432441222244132341321131122212122341342423444111113141121142342444112212124224122432424322242124212324111142214142244122224243213334434412224311231334421112234343221324
342144432444414113213222413124441434412224311244311333142343144433124414432431444242414322332213121411414424412411423414413414414443414213224411413241244343413334212222243214
144414232444212332444212223324222242144122411441112112121322212322242214242241321312424433222224241213422122413213443442211224222322311144334213322232234134241122111112221111
422443122444241312212111144211334143241343444333241343232334344424222331231224222414123241441441324413332221111312334423134333222431112212221111442411243231132414133123431123
321432322421212141442222133242244221212411244431114334142232443424143122121111343223221214114124431324224444213224421412122423414314232322234332223312124123432231214221222222
121142242424314131233211213121431322122232322432221344314424114211411414331231414444111142212242332432431132123333114323121114313144213312313223112133214333214214214213113111
322124242422244321434121312322223111432222314122122111331113312111112111132311122131414222323111413223132113321221431322313313223412123423412333122223133423113213213422241141
211131122422222323144242222334342233444231114224434222212212212142314324134242142421222121333442414223323114144331323224142433143414214142222323323341433432334131334441324111
112342422211322214134314114431122314314333143422222444414113412332312431111113313224213412441114123313221331123242442124443324133324212211212444413414443124222424222223313144
431423412214233144141444214331443324312332211413323442443121113311323324222244114221221123313444324224221222244133123224431131411411324211424244131123241143211324322123141144
113224232212432441242134342141433132432241143313142241231332241111214142444222241332443242124222231331131314344344241134324231332434241322431322212342332234141334222441121111
144212242231414224232111224412122234222232124222424444324424432422423423234411444123442442241441424144214311212113141123234222142123231412242121443113432232414233312332224213
224343232233112142443322223422424122112122311344211144112122233441333314223222224113342423332444314143211131223223341344223223133121113131114411233133213331113222141312222414
423321312233142211232124444434241212122114311112444242221222121214233223133313242413141222412422141331144322132233111231144222144211131131231144312312222133332241222111123211
442432312233424241314312241242131213424224112211114211223323224222111432142314122323422232114314222242442212424211212211122144413443423422311222212421324233212324442312323111
114243232233231332433332414231321334422444421141132414444431114231231123231434211114222234242322234222231444413231233233241312222343314334334443444334433233222332441112331433
424142132232244123112122211234314134144222342441134224223334211232422222231443142444413231142214122222221111142222344441141331143442242312222342221213424122242234331442323144
224114122241124411134324222111144432243432132331214432122242222223142134434411232344141434224244122423241332224111111222224242334242143122231121111423122123243233414441211123
212131332241233243433444344134344231433334433144333243333344124443222133231342134132324133443333211223223242121144431444442444212221144123212124333223232133243133233111241414
342143322243134243424343224322314131431121431434431444224424411441122433343123143314234241134242241411111413143221441411311414324444124433444114433122324111441114444443442333
231234412243434243124342424322314131433314431434132424122424412122322232431142222423424113424224141111141314322144141131141432444112443344411443342232111144111444444444233333
133443142243424321423432244342214233424114241422222441213122421331414122113134224111221222324111131411112314112314134341241121123431411421131333441111144424231132211112243111
233313322242421424144242242423324212442122321322211111243344324131244122132442322221241433122443124443444131123431121211113332413312313124444312214434132324312314312343221142
131141122221122224442441122323331124313244422133313114113314124113121223313213113131213113113313214313244213142124111124143313113322313243333324331221422132231133211334434414
343344232221321132311322231121141223323241341341211423423222224223142241221214414413134321114411341222124131421124211223434231423423441113414114131422213211111141241412244142
413214442223133211122233434213442423111422324242222213421442423143241234321444212221113324134142233423114144331323224142433143414114142222323323343433431142314223243432224111
132124132222214233112212112111441224222124343431413413112223213113231412432433144213111414323143312122233442121241332234211432432344243432242312223441144214242311422341312121
