244324113433132242333232114114224444413433413343234444423434211321422143124331414232342234221234411221133141311123432331331132114113443312431331331333134411234141114143212311
331322423332321141142244444134334133432344444234342113214221431243314142323422342212344112211331413111234323313311321141134433124313313313331344112341411141432123112324231123
323211411422444441343341334323444442343421132142214312433141423234223422123441122113314131112343233133113211411344331243133133133313441123414111414321231123242311233242334242
224444413433413343234444423434211321422143124331414232342234221234411221133141311123432331331132114113443312431331331333134411234141114143212311232423112332423342423344433444
334133432344444234342113214221431243314142323422342212344112211331413111234323313311321141134433124313313313331344112341411141432123112324231123324233424233444334442414422233
444442343421132142214312433141423234223422123441122113314131112343233133113211411344331243133133133313441123414111414321231123242311233242334242334443344424144222333424224142
211321422143124331414232342234221234411221133141311123432331331132114113443312431331331333134411234141114143212311232423112332423342423344433444241442223334242241423111221143
431243314142323422342212344112211331413111234323313311321141134433124313313313331344112341411141432123112324231123324233424233444334442414422233342422414231112211433431443233
423234223422123441122113314131112343233133113211411344331243133133133313441123414111414321231123242311233242334242334443344424144222333424224142311122114334314432331323324424
221234411221133141311123432331331132114113443312431331331333134411234141114143212311232423112332423342423344433444241442223334242241423111221143343144323313233244244243332233
211331413111234323313311321141134433124313313313331344112341411141432123112324231123324233424233444334442414422233342422414231112211433431443233132332442442433322334231122332
112343233133113211411344331243133133133313441123414111414321231123242311233242334242334443344424144222333424224142311122114334314432331323324424424333223342311223322211422231
331132114113443312431331331333134411234141114143212311232423112332423342423344433444241442223334242241423111221143343144323313233244244243332233423112233222114222314322243113
134433124313313313331344112341411141432123112324231123324233424233444334442414422233342422414231112211433431443233132332442442433322334231122332221142223143222431133121323333
133133133313441123414111414321231123242311233242334242334443344424144222333424224142311122114334314432331323324424424333223342311223322211422231432224311331213233333344113331
134411234141114143212311232423112332423342423344433444241442223334242241423111221143343144323313233244244243332233423112233222114222314322243113312132333333441133311141322244
411141432123112324231123324233424233444334442414422233342422414231112211433431443233132332442442433322334231122332221142223143222431133121323333334411333111413222442223334411
231123242311233242334242334443344424144222333424224142311122114334314432331323324424424333223342311223322211422231432224311331213233333344113331114132224422233344114324333443
112332423342423344433444241442223334242241423111221143343144323313233244244243332233423112233222114222314322243113312132333333441133311141322244222333441143243334434442312444
424233444334442414422233342422414231112211433431443233132332442442433322334231122332221142223143222431133121323333334411333111413222442223334411432433344344423124441121134334
344424144222333424224142311122114334314432331323324424424333223342311223322211422231432224311331213233333344113331114132224422233344114324333443444231244411211343343343123433
223334242241423111221143343144323313233244244243332233423112233222114222314322243113312132333333441133311141322244222333441143243334434442312444112113433433431234334423443123
414231112211433431443233132332442442433322334231122332221142223143222431133121323333334411333111413222442223334411432433344344423124441121134334334312343344234431234222124423
114334314432331323324424424333223342311223322211422231432224311331213233333344113331114132224422233344114324333443444231244411211343343343123433442344312342221244234411321341
323313233244244243332233423112233222114222314322243113312132333333441133311141322244222333441143243334434442312444112113433433431234334423443123422212442344113213413442123241
442442433322334231122332221142223143222431133121323333334411333111413222442223334411432433344344423124441121134334334312343344234431234222124423441132134134421232412342322341
223342311223322211422231432224311331213233333344113331114132224422233344114324333443444231244411211343343343123433442344312342221244234411321341344212324123423223411332334132
233222114222314322243113312132333333441133311141322244222333441143243334434442312444112113433433431234334423443123422212442344113213413442123241234232234113323341322234223224
223143222431133121323333334411333111413222442223334411432433344344423124441121134334334312343344234431234222124423441132134134421232412342322341133233413222342232241221124111
311331213233333344113331114132224422233344114324333443444231244411211343343343123433442344312342221244234411321341344212324123423223411332334132223422322412211241111312232244
333333441133311141322244222333441143243334434442312444112113433433431234334423443123422212442344113213413442123241234232234113323341322234223224122112411113122322443111243222
333111413222442223334411432433344344423124441121134334334312343344234431234222124423441132134134421232412342322341133233413222342232241221124111131223224431112432223432324423
224422233344114324333443444231244411211343343343123433442344312342221244234411321341344212324123423223411332334132223422322412211241111312232244311124322234323244233423224343
441143243334434442312444112113433433431234334423443123422212442344113213413442123241234232234113323341322234223224122112411113122322443111243222343232442334232243433442331141
344344423124441121134334334312343344234431234222124423441132134134421232412342322341133233413222342232241221124111131223224431112432223432324423342322434334423311411222313323
244411211343343343123433442344312342221244234411321341344212324123423223411332334132223422322412211241111312232244311124322234323244233423224343344233114112223133232143443431
433433431234334423443123422212442344113213413442123241234232234113323341322234223224122112411113122322443111243222343232442334232243433442331141122231332321434434311213411243
343344234431234222124423441132134134421232412342322341133233413222342232241221124111131223224431112432223432324423342322434334423311411222313323214344343112134112433333443342
312342221244234411321341344212324123423223411332334132223422322412211241111312232244311124322234323244233423224343344233114112223133232143443431121341124333334433423332322112
442344113213413442123241234232234113323341322234223224122112411113122322443111243222343232442334232243433442331141122231332321434434311213411243333344334233323221123124433231
134134421232412342322341133233413222342232241221124111131223224431112432223432324423342322434334423311411222313323214344343112134112433333443342333232211231244332314223341111
324123423223411332334132223422322412211241111312232244311124322234323244233423224343344233114112223133232143443431121341124333334433423332322112312443323142233411113311311112
234113323341322234223224122112411113122322443111243222343232442334232243433442331141122231332321434434311213411243333344334233323221123124433231422334111133113111121411334344
413222342232241221124111131223224431112432223432324423342322434334423311411222313323214344343112134112433333443342333232211231244332314223341111331131111214113343442332122331
322412211241111312232244311124322234323244233423224343344233114112223133232143443431121341124333334433423332322112312443323142233411113311311112141133434423321223312212233214
411113122322443111243222343232442334232243433442331141122231332321434434311213411243333344334233323221123124433231422334111133113111121411334344233212233122122332143243442123
224431112432223432324423342322434334423311411222313323214344343112134112433333443342333232211231244332314223341111331131111214113343442332122331221223321432434421233144344323
322234323244233423224343344233114112223133232143443431121341124333334433423332322112312443323142233411113311311112141133434423321223312212233214324344212331443443234443324322
442334232243433442331141122231332321434434311213411243333344334233323221123124433231422334111133113111121411334344233212233122122332143243442123314434432344433243222411313232
434334423311411222313323214344343112134112433333443342333232211231244332314223341111331131111214113343442332122331221223321432434421233144344323444332432224113132321122222231
114112223133232143443431121341124333334433423332322112312443323142233411113311311112141133434423321223312212233214324344212331443443234443324322241131323211222222311142111343
332321434434311213411243333344334233323221123124433231422334111133113111121411334344233212233122122332143243442123314434432344433243222411313232112222223111421113432234443333
343112134112433333443342333232211231244332314223341111331131111214113343442332122331221223321432434421233144344323444332432224113132321122222231114211134322344433334344413132
124333334433423332322112312443323142233411113311311112141133434423321223312212233214324344212331443443234443324322241131323211222222311142111343223444333343444131323143211414
334233323221123124433231422334111133113111121411334344233212233122122332143243442123314434432344433243222411313232112222223111421113432234443333434441313231432114143123414444
211231244332314223341111331131111214113343442332122331221223321432434421233144344323444332432224113132321122222231114211134322344433334344413132314321141431234144444343341414
323142233411113311311112141133434423321223312212233214324344212331443443234443324322241131323211222222311142111343223444333343444131323143211414312341444443433414144311444434
111133113111121411334344233212233122122332143243442123314434432344433243222411313232112222223111421113432234443333434441313231432114143123414444434334141443114444344441344434
111214113343442332122331221223321432434421233144344323444332432224113132321122222231114211134322344433334344413132314321141431234144444343341414431144443444413444344244323433
434423321223312212233214324344212331443443234443324322241131323211222222311142111343223444333343444131323143211414312341444443433414144311444434444134443442443234332343443441
233122122332143243442123314434432344433243222411313232112222223111421113432234443333434441313231432114143123414444434334141443114444344441344434424432343323434444413343334333
321432434421233144344323444332432224113132321122222231114211134322344433334344413132314321141431234144444343341414431144443444413444344244323433234344444133433343334323331141
212331443443234443324322241131323211222222311142111343223444333343444131323143211414312341444443433414144311444434444134443442443234332343444441334333433343233311412331132134
432344433243222411313232112222223111421113432234443333434441313231432114143123414444434334141443114444344441344434424432343323434444413343334333432333114123311321341432222211
432224113132321122222231114211134322344433334344413132314321141431234144444343341414431144443444413444344244323433234344444133433343334323331141233113213414322222113243143113
323211222222311142111343223444333343444131323143211414312341444443433414144311444434444134443442443234332343444441334333433343233311412331132134143222221132431431132221121213
223111421113432234443333434441313231432114143123414444434334141443114444344441344434424432343323434444413343334333432333114123311321341432222211324314311322211212134321224414
134322344433334344413132314321141431234144444343341414431144443444413444344244323433234344444133433343334323331141233113213414322222113243143113222112121343212244143244112213
333343444131323143211414312341444443433414144311444434444134443442443234332343444441334333433343233311412331132134143222221132431431132221121213432122441432441122133434432432
313231432114143123414444434334141443114444344441344434424432343323434444413343334333432333114123311321341432222211324314311322211212134321224414324411221334344324324431331413
141431234144444343341414431144443444413444344244323433234344444133433343334323331141233113213414322222113243143113222112121343212244143244112213343443243244313314132243332331
444443433414144311444434444134443442443234332343444441334333433343233311412331132134143222221132431431132221121213432122441432441122133434432432443133141322433323311244123323
141443114444344441344434424432343323434444413343334333432333114123311321341432222211324314311322211212134321224414324411221334344324324431331413224333233112441233234221114412
443444413444344244323433234344444133433343334323331141233113213414322222113243143113222112121343212244143244112213343443243244313314132243332331124412332342211144122211142441
443442443234332343444441334333433343233311412331132134143222221132431431132221121213432122441432441122133434432432443133141322433323311244123323422111441222111424413231223311
343323434444413343334333432333114123311321341432222211324314311322211212134321224414324411221334344324324431331413224333233112441233234221114412221114244132312233112213144433
444133433343334323331141233113213414322222113243143113222112121343212244143244112213343443243244313314132243332331124412332342211144122211142441323122331122131444332341114142
433343233311412331132134143222221132431431132221121213432122441432441122133434432432443133141322433323311244123323422111441222111424413231223311221314443323411141423324212242
114123311321341432222211324314311322211212134321224414324411221334344324324431331413224333233112441233234221114412221114244132312233112213144433234111414233242122422122222342
213414322222113243143113222112121343212244143244112213343443243244313314132243332331124412332342211144122211142441323122331122131444332341114142332421224221222223423132133233
221132431431132221121213432122441432441122133434432432443133141322433323311244123323422111441222111424413231223311221314443323411141423324212242212222234231321332333344423444
311322211212134321224414324411221334344324324431331413224333233112441233234221114412221114244132312233112213144433234111414233242122422122222342313213323333444234441424442112
121343212244143244112213343443243244313314132243332331124412332342211144122211142441323122331122131444332341114142332421224221222223423132133233334442344414244421122243434332
441432441122133434432432443133141322433323311244123323422111441222111424413231223311221314443323411141423324212242212222234231321332333344423444142444211222434343324324332233
221334344324324431331413224333233112441233234221114412221114244132312233112213144433234111414233242122422122222342313213323333444234441424442112224343433243243322332244124244
243244313314132243332331124412332342211144122211142441323122331122131444332341114142332421224221222223423132133233334442344414244421122243434332432433223322441242442143342223
141322433323311244123323422111441222111424413231223311221314443323411141423324212242212222234231321332333344423444142444211222434343324324332233224412424421433422232314432333
233112441233234221114412221114244132312233112213144433234111414233242122422122222342313213323333444234441424442112224343433243243322332244124244214334222323144323332323344112
332342211144122211142441323122331122131444332341114142332421224221222223423132133233334442344414244421122243434332432433223322441242442143342223231443233323233441123411333241
441222111424413231223311221314443323411141423324212242212222234231321332333344423444142444211222434343324324332233224412424421433422232314432333232334411234113332412233334231
244132312233112213144433234111414233242122422122222342313213323333444234441424442112224343433243243322332244124244214334222323144323332323344112341133324122333342313334244231
331122131444332341114142332421224221222223423132133233334442344414244421122243434332432433223322441242442143342223231443233323233441123411333241223333423133342442313312442144
443323411141423324212242212222234231321332333344423444142444211222434343324324332233224412424421433422232314432333232334411234113332412233334231333424423133124421443134434132
414233242122422122222342313213323333444234441424442112224343433243243322332244124244214334222323144323332323344112341133324122333342313334244231331244214431344341321331234111
224221222223423132133233334442344414244421122243434332432433223322441242442143342223231443233323233441123411333241223333423133342442313312442144313443413213312341114224121444
234231321332333344423444142444211222434343324324332233224412424421433422232314432333232334411234113332412233334231333424423133124421443134434132133123411142241214443141342234
323333444234441424442112224343433243243322332244124244214334222323144323332323344112341133324122333342313334244231331244214431344341321331234111422412144431413422341124442342
344414244421122243434332432433223322441242442143342223231443233323233441123411333241223333423133342442313312442144313443413213312341114224121444314134223411244423423433433134
211222434343324324332233224412424421433422232314432333232334411234113332412233334231333424423133124421443134434132133123411142241214443141342234112444234234334331344444434243
433243243322332244124244214334222323144323332323344112341133324122333342313334244231331244214431344341321331234111422412144431413422341124442342343343313444444342434123443334
223322441242442143342223231443233323233441123411333241223333423133342442313312442144313443413213312341114224121444314134223411244423423433433134444443424341234433341442212321
424421433422232314432333232334411234113332412233334231333424423133124421443134434132133123411142241214443141342234112444234234334331344444434243412344333414422123214142313311
222323144323332323344112341133324122333342313334244231331244214431344341321331234111422412144431413422341124442342343343313444444342434123443334144221232141423133111433433443
233323233441123411333241223333423133342442313312442144313443413213312341114224121444314134223411244423423433433134444443424341234433341442212321414231331114334334434333433333
411234113332412233334231333424423133124421443134434132133123411142241214443141342234112444234234334331344444434243412344333414422123214142313311143343344343334333333443344443
324122333342313334244231331244214431344341321331234111422412144431413422341124442342343343313444444342434123443334144221232141423133111433433443433343333334433444433441414444
423133342442313312442144313443413213312341114224121444314134223411244423423433433134444443424341234433341442212321414231331114334334434333433333344334444334414144443241334442
423133124421443134434132133123411142241214443141342234112444234234334331344444434243412344333414422123214142313311143343344343334333333443344443344141444432413344422442222412
214431344341321331234111422412144431413422341124442342343343313444444342434123443334144221232141423133111433433443433343333334433444433441414444324133444224422224123241211124
413213312341114224121444314134223411244423423433433134444443424341234433341442212321414231331114334334434333433333344334444334414144443241334442244222241232412111243134312333
411142241214443141342234112444234234334331344444434243412344333414422123214142313311143343344343334333333443344443344141444432413344422442222412324121112431343123333333434114
144431413422341124442342343343313444444342434123443334144221232141423133111433433443433343333334433444433441414444324133444224422224123241211124313431233333334341144444231434
223411244423423433433134444443424341234433341442212321414231331114334334434333433333344334444334414144443241334442244222241232412111243134312333333343411444442314343334234431
234234334331344444434243412344333414422123214142313311143343344343334333333443344443344141444432413344422442222412324121112431343123333333434114444423143433342344312421221432
313444444342434123443334144221232141423133111433433443433343333334433444433441414444324133444224422224123241211124313431233333334341144444231434333423443124212214323214112213
424341234433341442212321414231331114334334434333433333344334444334414144443241334442244222241232412111243134312333333343411444442314343334234431242122143232141122133131422123
333414422123214142313311143343344343334333333443344443344141444432413344422442222412324121112431343123333333434114444423143433342344312421221432321411221331314221233114214414
232141423133111433433443433343333334433444433441414444324133444224422224123241211124313431233333334341144444231434333423443124212214323214112213313142212331142144141441434143
331114334334434333433333344334444334414144443241334442244222241232412111243134312333333343411444442314343334234431242122143232141122133131422123311421441414414341434133111441
344343334333333443344443344141444432413344422442222412324121112431343123333333434114444423143433342344312421221432321411221331314221233114214414144143414341331114411331211324
333334433444433441414444324133444224422224123241211124313431233333334341144444231434333423443124212214323214112213313142212331142144141441434143413311144113312113241222112414
444334414144443241334442244222241232412111243134312333333343411444442314343334234431242122143232141122133131422123311421441414414341434133111441133121132412221124143312234314
444432413344422442222412324121112431343123333333434114444423143433342344312421221432321411221331314221233114214414144143414341331114411331211324122211241433122343142223132421
444224422224123241211124313431233333334341144444231434333423443124212214323214112213313142212331142144141441434143413311144113312113241222112414331223431422231324213344334243
241232412111243134312333333343411444442314343334234431242122143232141122133131422123311421441414414341434133111441133121132412221124143312234314222313242133443342434213231413
112431343123333333434114444423143433342344312421221432321411221331314221233114214414144143414341331114411331211324122211241433122343142223132421334433424342132314131243124432
233333334341144444231434333423443124212214323214112213313142212331142144141441434143413311144113312113241222112414331223431422231324213344334243421323141312431244322112322241
411444442314343334234431242122143232141122133131422123311421441414414341434133111441133121132412221124143312234314222313242133443342434213231413124312443221123222414131143121
143433342344312421221432321411221331314221233114214414144143414341331114411331211324122211241433122343142223132421334433424342132314131243124432211232224141311431212432132443
443124212214323214112213313142212331142144141441434143413311144113312113241222112414331223431422231324213344334243421323141312431244322112322241413114312124321324431441231133
421221432321411221331314221233114214414144143414341331114411331211324122211241433122343142223132421334433424342132314131243124432211232224141311431212432132443144123113314421
