213122431213332322221121111112122431213422413411131112222342243121333112111141221221212243121332222322433121331222143341231122424323443113142121222424424243311331131133112414
121122222212243121333422222112111121312243121333232222112111111212243121322241341113111222234224312133311211114122122121224312133342222211211112131224312133323222211211111121
222211211111121224312132224134111311122223422431213331121111412212212122431213334222221121111213122431213332322221121111112122431213422413411131112222342243121333112111141221
222234224312133311211114122122121224312133342222211211112131224312133323222211211111121224312134224134111311122223422431213331121111412212212122431213322223224331213312221433
422311123224242341112111331314322432334432312243342211131231224223221222131123111234321234331311443214241211211321144444341142311433323311332112323312111314242321141341133231
221113123122422322122213112311123432123433131144321424121121132114444434114231143332331133211232331211131424232114134113323143411141144114123232141332132441112113121132324413
142412112113211444443411423114333233113321123233121113142423211413411332314341114114411412323214133213244111211312113232441332122441132212121122443433311331131123241133313311
111314242321141341133231434111411441141232321413321324411121131211323244133212244113221212112244343331133113112324113331331123211222113131322242314434131113144421422114221411
242321141341133231434111411441141232321413321324411121131211323244133212244113221212112244343331133113112324113331331123211222113131322242314434131113144421422114221411114312
411112424241232412214114211411112233214221211212222211213243213122222114133322142212221432221334333144124444243143422332431121233144431332144243143322421422221424413222144321
241221411421141111223321422121121222221121324321312222211413332214221222143222133433314412444424314342233243112123314443133214424314332242142222142441322214432111411222313214
413211424241132243323232311311111433133413122114141414142122432432214221132431443332122214442213343331441232431131431223324212312331444313344244132244241441224142241332312312
224332323231131111143313341312211414141414212243243221422113243144333212221444221334333144123243113143122332421231233144431334424413224424144122414224133231231221414133141323
312232124422133312312214144111222331121113232442421144322141424124423414424333212221444241441433234424431433331331112332321224412144113143242132444314221314314234212442113131
441112223311211132324424211443221414241244234144243332122214442414414332344244314333313311123323212244121441131432421324443142213143142342124421131312434434223341112133124332
223442422322323111211111412242112312221424111211111221212222222313221211121224311421222112244343142344221441233112111121111414233222214213442132412311324114412124321213413214
122121222222231322121112122431142122211224434314234422144123311211112111141423322221421344213241231132411441212432121341321432123311412314341122111121424122311111212222221123
442214412331121111211114142332222142134421324123113241144121243212134132143212331141231434112211112142412231111121222222112334311114112321342411142142122311112111123334243442
324114412124321213413214321233114123143411221111214241223111112122222211233431111411232134241114214212231111211112333424344234411131111122112221112222221122334111322111133114
424122311111212222221123343111141123213424111421421223111121111233342434423441113111112211222111222222112233411132211113311422211141111322111123114111132211113311422211141111
122311112111123334243442344111311111221122211122222211223341113221111331142221114111132211112311411113221111331142221114111132211112311411113221111331142221114111132211112311
221122334111322111133114222111411113221111231141111322111133114222111411113221111231141111322111133114222111411113221111231141111322111133114222111411113231111231141111322111
111132211113311422211141111322111123114111132211113311422211141111322111123114111132211113311422211141111323111123114111132211143311112114321411113211114131231244314233313113
313242223124422133312312224144111222331121113224112421144322411131424423214424333212221444241441433214324431433331424112332321224412141113343212123444214321214314234412142112
441112223311211132241124211443224111314244232144243332122214442414414332143244314333314241123323212244121411133432121234442143212143142344121421121212334434222341112133121332
432413212424123221221111221442211122234144221111121422221121224321214232214144232242121222121322133131311412441334414314333233112123214242133323424323432311131221142442422424
412111141133212112333223431313343423131334343212124324323122144112213443233222222424412131123232242121341212132212242211222312241332221343112332434211124324421214442421322344
432432312214411221344323322222242441213112323224212134121213221224221122231224133222134311233243421112432442121444242132234412223341433212122442222411144133222114233321321213
213412121322122422112223122413322213431123324342111243244212144424213223441222334143321212244222241114413322211423332132121321312242132143421443313421443334211412122121132122
124324421214442421322344122233414332121224422224111441332221142333213212132131224213214342144331342144333421141212212113212222122121222212231333333131221123331422111432221211
144133222114233321321213213122421321434214433134214433342114121221211321222212212122221223133333313122112333142211143222121132121142114334243341113422112344234321422434211311
443334211412122121132122221221212222122313333331312211233314221114322212113212114211433424334111342211234423432142243421131132422142221122223311112221222223131122222142211412
221123331422111432221211321211421143342433411134221123442343214224342113113242214222112222331111222122222313112222214221141222214322433221143142322212123223242121221222211142
112344234321422434211311324221422211222233111122212222231311222221422114122221432243322114314232221212322324212122122221114222121441431114223432221323431121432122221222122221
222223131122222142211412222143224332211431423222121232232421212212222111422212144143111422343222132343112143212222122212222144112122123133234211221222112212113122143222123212
313112222214221141222214322433221143142322212123223242121221222211142221214414311142234322213234311214321222212221222214411212212313323421122122211221211312214322212321222121
111221424431121131212121242311333243231224422211224143431222142422424241232243434121112432413424111134224342122432131131322442214321222143222132112311413433423424314333131111
414343122214242242424123224343412111243241342411113422434212243213113132244221432122214322213211231141343342342431433313111142321412134231314414143121343214423434224132123322
221424224242412322434341211124324134241111342243421224321311313224422143212221432221321123114134334234243143331311114232141213423131441414312134321442343422413212332212121241
222323223244221331431131214411122423422411321312422421144322214141112114441424233212221441241442432334424431433331331111332321434132144113143212123444224321214314231441242312
441112242342241132131242242114432221414111211444142423321222144124144243233442443143333133111133232143413214411314321212344422432121431423144124231223244342233411121333111332
311112243424341411143134311123111423214243421122313231321334434211222424422124321224342241414242242444342142134444432222442224242424122112124312233314222242221422221412213241
323132133443421122242442212432122434224141424224244434214213444443222244222424242412211212431223331422224222142222141221324122212222234113213334112221222144323223414111211241
443421421344444322224422242424241221121243122333142222422214222214122132412221222223411321333411222122214432322341411121124124113242332311311421241111431122122242411422132242
222242221422221412213241222122222341132133341122212221443232234141112112412411324233231131142124111143112212224241142213224224224211412212241332322141222223211422421124322242
222144323223414111211241241132423323113114212411114311221222424114221322422422421141221224133232214122222321142242112432224222232412241321412212411233112211114414214244232112
431122122242411422132242242242114122122413323221412222232114224211243222422223241224132141221241123311221111441421424423211212142324242413324314431222242411114442111421241114
222223211422421124322242222324122413214122124112331122111144142142442321121214232424241332431443122224241111444211142124111432132323141111421322124212241241414332211112413222
112211114414214244232112121423242424133243144312222424111144421114212411143213232314111142132212421224124141433221111241322212122313111132432441141311241232444421231312233323
242411114442111421241114321323231411114213221242122412414143322111124132221212231311113243244114131124123244442123131223332322144221142223431321321441122222434111122322112233
241241414332211112413222121223131111324324411413112412324444212313122333232214422114222343132132144112222243411112232211223312232212442421424222422322223112244443421232323222
241232444421231312233323221442211422234313213214411222224341111223221122331223221244242142422242232222311224444342123232322234314141333244333113332411124112111122221311111223
332322144221142223431321321441122222434111122322112233122322124424214242224223222231122444434212323232223431414133324433311333241112411211112222131111122312341111234133223214
321242412322432223421121111223242131211114234111421224321214221144224343224332122214431213223231441244343422431423311311412331444132421314112222332121332341423444222441123211
142122432121422114422434322433212221443121322323144124434342243142331131141233144413242131411222233212133234142344422244112321144224132343242111211242111212411131112411242111
214313313334123421113233124212244221333123243123411113232334113132144243142114432223124414244222432122214342134242133121443143333111113134242414414111423331423132224443111421
111323233411313214424314211443222312441424422243212221434213424213312144314333311111313424241441411142333142313222444311142141314334343224342442444132211221124332432113331422
144322231244142442224321222143421342421331214431433331111131342424144141114233314231322244431114214131433434322434244244413221122112433243211333142241112241211222241213113113
123211422144224211131212214141342242231222441141422134341423222424241242143214211332111211224243421222223131422141241443342243341442231211413343442144344223422243222224214212
213434142322242424124214321421133211121122424342122222313142214124144334224334144223121141334344214434422342224322222421421211221112122242314121141412242221414122242232224222
341423222424241242143214211332111211224243421222223131422141241443342243341442231211413343442144344223422243222224214212112211121222423141211414122422214141222422322242224121
111211311123231131311312121311113111341123231143112311431223213223212243143112221112312223222211143111143112222324111122223133122213411341214311244313231232224431314231134321
332111422412323411132244243211131312311441224441131322441441422314114423232224241242243242223422411311224243421221313131422441341343242124441442231211413343333233144223422242
132244144142231411442323222424124224324222342241131122424342122131313142244134134324212444144223121141334333323314422342224222121111423244241142122242324121114223222221411422
441422314114423232224241242243242223422411311224243421221313131422441341343242124441442231211413343333233144223422242221211114232442411421222423241211142232222214114222422212
222411141443323344142423344144323232223413331133312132444444242424441334213324414243134421212124312233343124431144434243213322433332241343124421243423123122243322442211433331
213244444424242444133421332441424313442121212431223334312443114443424321332243333224134312442124342312312224332244221143333121411134144342313424334111123332224342223131411331
333431244311444342432133224333322413431244212434231231222433224422114333312141113414434231342433411112333222434222313141133123321133124442421421244411234242124444124122144123
123122243322442211433331214111341443423134243341111233322243422231314113312332113312444242142124441123424212444412412214412323234214144412144242433122311123314441421323244323
123332224342223131411331233211331244424214212444112342421244441241221441232323421414441214424243312231112331444142132324432324131224441312224124211334413324422314212334442242
234242124444124122144123232342141444121442424331223111233144414213232443232413122444131222412421133441332442231421233444224233242122422134424212334232244313132411144421222224
311123314441421323244323241312244413122241242113344133244223142123344422423324212242213442421233423224431313241114442122222444211233222332132433241214442443424333443313414141
432324131224441312224124211334413324422314212334442242332421224221344242123342322443131324111444212222244421123322233213243324121444244342433344331341414122114442143112221113
421213414112214111144313234212134212244431122111112112112214433214441131112333232314341144334111141443214331243332214214413214312112414444442143113142442414223422441244322114
211211221443321444113111233323231434114433411114144321433124333221421441321431211241444444214311314244241422342244124432211433324142131444214234231424422341343322441121114423
432143312433322142144132143121124144444421431131424424142234224412443221143332414213144421423423142442234134332244112111442323414124331342441341444312433311143131232211332414
442414223422441244322114333241421314442142342314244223413433224411211144232341412433134244134144431243331114313123221133241434444423433314421111431422221133413242213411213143
422341343322441121114423234141243313424413414443124333111431312322113324143444442343331442111143142222113341324221341121314332412144424324314144333132421224321321111123232432
244112111442323414124331342441341444312433311143131232211332414344444234333144211114314222211334132422134112131433241214442432431414433313242122432132111112323243242131244313
121342122444311221111121121122144332144411311123332323143411443341111414432143312433322142144132143121124144444421431131424424142234224412443221143332414213144421423423142442
232314341144334111141443214331243332214214413214312112414444442143113142442414223422441244322114333241421314442142342314244223413433224411211144232341412433134244134144431243
211241444444214311314244241422342244124432211433324142131444214234231424422341343322441121114423234141243313424413414443124333111431312322113324143444442343331442111143142222
242234314421423423142442234134332244112111442323414124331342441341444312433311143131232211332414344444234333144211114314222211334132422134112131433241214442432431414433313242
111442323414124331342441341444312433311143131232211332414344444234333144211114314222211334132422134112131433241214442432431414433313242122432132111112323243242131244313124414
444111234422142231223234212131341224413111231111221211222442231444332333233143413443341132444321433124333121421441321431111344144413214331214244341432333244424423211423324142
121122244223144433233323314341344334113244432143312433312142144132143111134414441321433121424434143233324442442321142332414213144131423423142142234134241431411433313323414124
243331214214413214311113441444132143312142443414323332444244232114233241421314413142342314214223413424143141143331332341412432134244134144431243311413131332211333214344444234
333244424423211423324142131441314234231421422341342414314114333133234141243213424413414443124331141313133221133321434444423432144424111231313313424124441421341332412144434324
424143141143331332341412432134244134144431243311413131332211333214344444234321444241112313133134241244414213413324121444343243141443331321221443214212111112323243242131244313
414144143334222234443132242323321113112422443434312224343433333333322222314333332423122413244234114342234311211413244234231322443242232123422231443222143434333224343443444334
222434343333333332222231433333242312241324423411434223431121141324423423132244324223212342223144322214343433322434344344433423114333424343242121434331442113344131434434243244
422343112114132442342313224432422321234222314432221434343332243434434443342311433342434324212143433144211334413143443424324412222333442433122432324412442423133114324131112434
143434333224343443444334231143334243432421214343314421133441314344342432441222233344243312243232441244242313311432413111243441424113323131114341313433242442143432433311114441
442113344131434434243244122223334424331224323244124424231331143241311124344142411332313111434131343324244214343243331111444143441132333343341443442332323244331111433314342241
442423133114324131112434414241133231311143413134332424421434324333111144414344113233334334144344233232324433111143331434224121434332222444124314411333313324331442424114244142
242442143432433311114441434411323333433414434423323232443311114333143422412143433222244412431441133331332433144242411424414241434412323311222442324223241132131331222132432424
323244331111433314342241214343322224441243144113333133243314424241142441424143441232331122244232422324113213133122213243242411411243332441443114324422131433324133144333243334
313324331442424114244142414344123233112224423242232411321313312221324324241141124333244144311432442213143332413314433324333424132323413344343144423111112242321143143143144113
241132131331222132432424114112433324414431143244221314333241331443332433342413232341334434314442311111224232114314314314411343444143422232222332222421324131241244344342321144
131433324133144333243334241323234133443431444231111122423211431431431441134344414342223222233222242132413124124434434232114424212141422243414314132324324431442433422343124124
343144423111112242321143143143144113434441434222322223322224213241312412443443423211442421214142224341431413232432443144243342234312412441311122322431111414113242222242333331
122432222322331132111333321224124242244234222433112344144434131443131442343233414223214214242444113224221321324124111341442142413132314213324341134144234444333233322322332231
234414443413144313144234323341422321421424244411322422132132412411134144214241313231421332434113414423444433323332232233223133311322231322223422331322214314444232232223212333
242213213241241113414421424131323142133243411341442344443332333223223322313331132223132222342233132221431444423223222321233333244344312244113214334234342322113434314333241144
234444333233322322332231333113222313222234223313222143144442322322232123333324434431224411321433423434232211343431433324114433331313322424412322433424442124222324431242422232
214314444232232223212333332443443122441132143342343423221134343143332411443333131332242441232243342444212422232443124242223231143324311334114334113143313124113142224143424421
342322113434314333241144333313133224244123224334244421242223244312424222323114332431133411433411314331312411314222414342442143432424241422443442441233333234244211313414333334
442124222324431242422232311433243113341143341131433131241131422241434244214343242424142244344244123333323424421131341433333424433111143331424222131431332323131233144134133331
313124113142224143424421434324242414224434424412333332342442113134143333342443311114333142422213143133232313123314413413333123324434323132322142142124432214213431221442442114
333234244211313414333334244331111433314242221314313323231312331441341333312332443432313232214214212443221421343122144244211433414323233323443322422324112431313124232144443211
332323131233144134133331233244343231323221421421244322142134312214424421143341432323332344332242232411243131312423214444321144124233213144213334313421133223141414243441232414
432214213431221442442114334143232333234433224223241124313131242321444432114412423321314421333431342113322314141424344123241421441413342442431324322213141243143334422211111434
112431313124232144443211441242332131442133343134211332231414142434412324142144141334244243132432221314124314333442221111143423212433332131444214344244433434333222332222111132
144213334313421133223141414243441232414214414133424424313243222131412431433344222111114342321243333213144421434424443343433322233222211113213224223212442413112443144111312412
323211442422232441112241311334331424242231141223141331424222311411313441243143143143232232443323231343312331444413322423321333232242423342342314241123232413234111144213231432
133142422231141131344124314314314323223244332323134331233144441332242332133323224242334234231424112323241323411114421323143223232123213224324224334224231221233242221221232243
113134412431431431432322324433232313433123314444133224233213332322424233423423142411232324132341111442132314322323212321322432422433422423122123324222122123224324441422123124
114121232434313322333242114141432243314314141424323241431324111323141441414112324232333144232432412141344211314112313314114113112323211131414231132121132132113233141412213314
413144243331333443144441443443321143313143143143442343312322442333444132331144113221441122214232432214424141423242133133244411324331114311313142423241411144233242222444332232
433111323231122123121414441411133111421223313413111133111223134312212323233134112331433322311144121121131411111113311213114113444113113433321411111131141144211233323113111332
224111444443334444412323333343442113244241314224234344134414123123333344221333332223413434442132434121424331333314232223321323334132333413332113331442233234411314411313311222
434413441412312333334422133333222341343444213243412142433133331423222332132333413233341333211333144223323441131441131331122213231233332441243241321123141441134231431222233443
214243313333142322233213233341323334133321133314422332344113144113133112221323123333244124324132112314144113423143122223344333144321141411421412114221411233111224122212312333
233234411314411313311222132312333324412432413211231414411342314312222334433314432114141142141211422141123311122412221231233332241341122343422441111131332323132243343232231313
141441134231431222233443331443211414114214121142214112331112241222123123333224134112234342244111113133232313224334323223131333122112221122344332324242241433332242241142422233
411233111224122212312333322413411223434224411111313323231322433432322313133312211222112234433232424224143333224224114242223332331234341342442244141232114231133413233413411132
332323132243343232231313331221122211223443323242422414333322422411424222333233123434134244224414123211423113341323341341113213312312433233334122124241243222324333243244424414
241433332242241142422233323312343413424422441412321142311334132334134111321331231243323333412212424124322232433324324442441431333234442241411113322322332222233224413233442333
114231133413233413411132133123124332333341221242412432223243332432444244143133323444224141111332232233222223322441323344233333442321143343234411212413144422122223133232232222
243222324333243244424414313332344422414111133223223322222332244132334423333344232114334323441121241314442212222313323223222232132331314242232121324244114442124242243333223322
332222233224413233442333334423211433432344112124131444221222231332322322223213233131424223212132424411444212424224333322332232244141134243434434423222334232323413114343434243
144422122223133232232222321323313142422321213242441144421242422433332233223224414113424343443442322233423232341311434343424311312131414211343411411143142232344232143232142433
114442124242243333223322322441411342434344344232223342323234131143434342431131213141421134341141114314223234423214323214243331311411113143242143413313131114431434411333333233
334232323413114343434243113121314142113434114111431422323442321432321424333131141111314324214341331313111443143441133333323324421131441433232434433111143313424412114123313322
142232344232143232142433313114111131432421434133131311144314344113333332332442113144143323243443311114331342441211412331332224242434424311333314313332442223224424131323214241
131114431434411333333233244211314414332324344331111433134244121141233133222424243442431133331431333244222322442413132321424113333241124431123231143433232421444114331141124233
143313424412114123313322242424344243113333143133324422232244241313232142411333324112443112323114343323242144411433114112423314414421333322332323441144412324133244141313123131
442223224424131323214241133332411244311232311434332324214441143311411242331441442133332233232344114441232413324414131312313134243222131332424322424222111112242213143223333411
232142411333324112443112323114343323242144411433114112423314414421333322332323441144412324133244141313123131342432221313324243224242221111122422131432233334113311424423224422
443134141411111321433411431113331223313114313324424441231232312312314111311141414141223342433313224224214214122424144122414414214311141411431433124112334413113223133313114134
