211241233223343144223133213441113322422134132222132233232141214231142234133423223231434323343314443342444334133334434444334123341444332313211133123311234421421434134443442424
233431442231332134411133224221341322221322332321412142311422341334232232314343233433144433424443341333344344443341233414443323132111331233112344214214341344434424242131114443
313321344111332242213413222213223323214121423114223413342322323143432334331444334244433413333443444433412334144433231321113312331123442142143413444344242421311144431444132211
113322422134132222132233232141214231142234133423223231434323343314443342444334133334434444334123341444332313211133123311234421421434134443442424213111444314441322112311343114
341322221322332321412142311422341334232232314343233433144433424443341333344344443341233414443323132111331233112344214214341344434424242131114443144413221123113431143221241333
223323214121423114223413342322323143432334331444334244433413333443444433412334144433231321113312331123442142143413444344242421311144431444132211231134311432212413334313221324
214231142234133423223231434323343314443342444334133334434444334123341444332313211133123311234421421434134443442424213111444314441322112311343114322124133343132213244411223323
341334232232314343233433144433424443341333344344443341233414443323132111331233112344214214341344434424242131114443144413221123113431143221241333431322132444112233234223124444
323143432334331444334244433413333443444433412334144433231321113312331123442142143413444344242421311144431444132211231134311432212413334313221324441122332342231244441121122431
343314443342444334133334434444334123341444332313211133123311234421421434134443442424213111444314441322112311343114322124133343132213244411223323422312444411211224311233334123
424443341333344344443341233414443323132111331233112344214214341344434424242131114443144413221123113431143221241333431322132444112233234223124444112112243112333341233331231341
333443444433412334144433231321113312331123442142143413444344242421311144431444132211231134311432212413334313221324441122332342231244441121122431123333412333312313411244442231
334123341444332313211133123311234421421434134443442424213111444314441322112311343114322124133343132213244411223323422312444411211224311233334123333123134112444422311344422133
443323132111331233112344214214341344434424242131114443144413221123113431143221241333431322132444112233234223124444112112243112333341233331231341124444223113444221333434332433
113312331123442142143413444344242421311144431444132211231134311432212413334313221324441122332342231244441121122431123333412333312313411244442231134442213334343324334434214442
234421421434134443442424213111444314441322112311343114322124133343132213244411223323422312444411211224311233334123333123134112444422311344422133343433243344342144421443131343
341344434424242131114443144413221123113431143221241333431322132444112233234223124444112112243112333341233331231341124444223113444221333434332433443421444214431313432414331423
242421311144431444132211231134311432212413334313221324441122332342231244441121122431123333412333312313411244442231134442213334343324334434214442144313134324143314231424214343
444314441322112311343114322124133343132213244411223323422312444411211224311233334123333123134112444422311344422133343433243344342144421443131343241433142314242143434342431433
221123113431143221241333431322132444112233234223124444112112243112333341233331231341124444223113444221333434332433443421444214431313432414331423142421434343424314333344131232
311432212413334313221324441122332342231244441121122431123333412333312313411244442231134442213334343324334434214442144313134324143314231424214343434243143333441312321144431231
133343132213244411223323422312444411211224311233334123333123134112444422311344422133343433243344342144421443131343241433142314242143434342431433334413123211444312313141332422
