224111444443432144423231333321131243311341314233324312243132331313221342242434213434444333412441331234223133313321314324413231341313343424433122221432441224243441341131334322
434322323434241334422142132322133133223343321322442242214343242332444313333242244444334223413432331344422333334243443113213442412444433422234343444324123433244222432234432423
133341113334332223121142222133423242333413422111444144211331311431213243343322333344342211344412431133421141313133223123344114241113443243423131214222243334222231341411124441
342324343134111343433423432241441141322421311131341232114314422233331132413131111342431132241113233433244232223314423214144442113132224213242422244323313432341233132443414242
214211314313242243223421434414312413443342444113233233224421131144133313444433111143313433313134443334231242424311333314313443413222132434111333132221114241312241113244213331
313132442413144321144124333223144213333414421131343413132344412324141144441324444322321211114343234422211111432232124332411214424133441442344313322233222131122112413332124112
131132413242222123432424421113433123111414421141431322223321331344132431441111124411223134321313413443414111114423222213233141333113113313413113243244224113133123322314224223
144213423412411332223223413244423213112234333414113323134322411433123114311324414411323131444224414224343414442441334333433322424122244113123111313324323313132443123442133432
234341333143414424242124424413443134413124242322432413222312431443122223124111441344411313432423222434242423133233113444244213434122412413414413223213331244134331413334232412
423324421222422331213413311414331323112411444244114433143422314341114323114441432444311233143331434133442231314113311232443113132443143121122113113213212124314314213311113233
124413131311323443413113433123142441443233112411443233134413131133232131313131133113133314113113413244222233111322433142231433223143442322223443433322323432412114111134414411
133132323322411413343122323132133342113444313134133234131133314234143423441423131223444212431133432411412143134232441333112131232442321414134343422312314431414144222223111124
431322222412244422332231311112222441313124313114422422324333313411331111442422213444442323423114231213434213124343112443244413423414424133432422441113314223113443442243323324
424434323423333414124443413123142413144411114213311321132322213333313314223123113331343133113124134431313123132424333212424442423113144212413314213111314313144333244133323424
423124422423434331323133131113131431442433311314123111424212433113121433331133113424313424434442414323333233114414444123223333422434242232413442213443113124424131132413334111
134432413332433213444114422213113333332344132432324334444344223131113213324412422433414432242333133223324124223414113421332213423231131341132413444311144321324433114223413424
234324431434111313124231113133213224433443224433314213213131314213133444131123113321313223124223132444334133413434111432344213124424434213424333332443124413431331413113331411
414432433313243121313431411244413132442324113233114223134222231123334213123234433432413213434213133434233313414432411131131242421314444244423242424213311123132313443114431413
433413434323423423233431231434444111413222414323344321332424413432141311311132134133132442411232432413333423133132133422414113213441441414132314423311342343313313133413422433
223422322413344222424114423131424234412113311313131323413424124314431313111413112123424443434322322343431433134213213222232412224411121431424133313132444114323131244424333113
442431331422232431322113113131133112333132433213313114443334424132341324432323331213133434331313342424224432134434213132443132134133213133433142431343444412224432313321134134
134312432344312224334131234223113222442431422111431411131123132414224323424343124114342432411323212242332144334122322334122314331134443412141313114311334323423431332431111311
324324113222413324323114224432441412424414233113332444333223223223232413422144231113222233111324424414131122113314124314414413124233131114313441332413222113344224424232432222
414411324433142441424111433123144133442323412414433111333244213114322122114323324143343224234243124433432421431434344231114413331423322424433123124324432413133442323414122324
413143134222423424114114123233413234323233142323222313424334433333433223143223441433334122324224433444224423114423433234142223223344233131333411413322414141431414111311323111
431342413123113413123223433122323114113443414244324423114324123322433123343413244122114431244123433231411414114222423133124131413324424332442123322411111314344413323113413331
143114213114412433114411244323413113134343311424242224114143444113423312122433113322243111424423433331431333143114234141333414333424423422243323343443114232443314443114142223
322434113424322431311431123233133313323133443144133412232422244213243334332413332413313223413442213113314314133422422424124413412224443314113332413443114413223114213223433311
124422231133134444223123334333124431231322414413111443111333223143142114423123122431133133113324213234443223133334114133124424242332412432324113344144222313222413123413424143
433114413444213111123113113111224413123123111431322411413133313133112331424431124222314213413242433322323113443124432422411124114141224311314412124223114332311331333323314113
424213311322422314414424122414344423414322313414111424231143313331122222114311123231121332233311111232424224213223323122414111443311313414431431122411223222414443124421313413
233122114414411323344333323123311311132231222424111342432222114343324114414113222411122422431324243321131322224433113122423123124123343414132313114141314114124424412412434424
112414213123414111431113123133133412413314131322413414434411114113332324411133142442433143133422443223141414141132322331442314114434343412413424113232414333433314334132411414
311334311432411441333213433444331323414342314141332324111424141433114323334341311414441332213434442334124414141314114334324111424111431141433334423423114411441332212411441334
424114114332423432224111424111432114112224122423132414142442433333334132413324311114124423124443113134114332422414323123323413444114131421433123243242432132441424223443132433
213323424332342312322223432414114213413114123124224413443144432224131413142413213141424222414222414122111421111441314413124323231413432434323124424323313343444113343424141413
123134111313222342412421431141124114111442133333423422443424122113113432412422444141324122223232442414433322133213111413122421424243124413441413133124333443323222433213111433
432133114432443213242441441433422322432114413441432413133223123422443132313232432441443112441422444213243231243424233144233124322323111124114431313123413332411334313313414444
224123422412133141412424411414343423312421124343111133114322431333133423434313442424223112332414223444332433433224232113114413331342324113411442422423323412411423122223233114
312111441413131114124232434414413111434324223343343243432432413213434231343324313142424324442134431112433331324143122213414431123114443422413441323413433124414331413133431332
443322333244433323314444111343343442431322123412223414113443134423441333414422414432433224114323124414111141411213114222432243314133223324114413411122343334124414111421342433
443114132343122423413422224332422411313122322213133144124124122443141222242431311124313231113113444334314122443231434423442243113332412422412244314141223443131313223433311213
141113424244413424413212234433222412431113313243143412433124113123124222411414424223343134414223443223313334112432414244123324114132323424113134411313433212414113114343123132
422411443444124331232443242233431131143123123113131122224112113123213424323213433224342141313212414444422414324413133213133124123233212441413413123424424431143412212412324413
222414433323114332313223111232322443311133122132331432413111143413111442222422322442313233122132413423132223323111141313223313124412212443132444222213111332424124433234114133
323414432123323233222431343342444133123314414114224122233424431441323433423313233441331413414213344342323222414333223314443323222414122331143213141231322213324342244424113433
333223314443323222414122331143213141231322213324342244424113433424243443413431211233333111312313112244313112412222444434343413433424441424111143334111444322233344322332211233
133131113132331422242213132334321441124323324414313333333214314443424444412223333243334232431411444244143311331332214212421443443444132312413432343424124131143433114322413224
412443332412444342231244422344244244244343222144314332331343331331332333141214143443443132421444114133444413344231321331144134314133232222241421231343323344114214224443114333
133212124242244412442244442214331233121334213243324121444233224341444412324441423234214133421431312433242212223213231113114233242133243433314113434311411311431413431443223121
233242423312211113123242241114444131134143111434311142331434341243234433234211221311112243244212331241244322431413122443231443243222433143231244224444134331141333234331211423
234311232244112332232441221333222444424412244241242213113231313133232142144333432442443144143442342234133142324331412142134322432441441244142311324443213244224422344242331332
222242442124232432123222443324233324214244443434442313241333141313111213313112332413311224324331434211231442212321224223233223313224232131341433244224242412324243441341424324
442233343311233421312323131333223311224413244313441323322322443241331312241222242212444343232242413324241343332241312244241422424244243424242122142344241324432242314431324432
212231312141332311241113244213224221332441142433313244112141233244422332144422212344424412443344311442341443242312322322413311132443223131142133121343212243413212422214314242
131321332443442244343232412321321243323234444311424421231422432332143432212432221312141143413323244111333312314442433313244124323112143241422224323433222412412133124233224331
323221222414241411242423141142312224221314233111424413314433242313232141421211311323312123224421333321213112333244243414444124212442211122311111211313124444224224334212234311
242433123421324313212444313241243142424411341313234311313221341143124344242113133124432113113343124431311344323143332411122443212122131121333244423211141112422211133231211224
412423144331222421222241444123141213333212142221322221241333242411223313232332133133441414424443214422433344213333133242442134244223224422131442233431144422221314241242411141
332143313144122412313311141311143324411111221231442322121223343313444243222423232213444142213313311443342442432112232422444422424244314311421232212222143321332324221322423332
224222244434343223244221333222434233242432333123331423421232331143244324441242222423211143231142143233222243222412222322312324224321232334324314432134221243243332222144422242
433312443243444322433332113222322242243143143243243331133141221241324424442434132432142443144422142222424443344334241334244231334312143232432242144233224433232442143432222113
332322431222442213433243223143222241313341412112244144432413112133133242142143122142242312423234222244322322243231322422133234324243222142211323321232224431134224441411224422
224411342213132114133441414422222232242432442224222333344243413121241343432442413222324242424231342143232332124222113123314243143123422322244413241323214442214443331214112422
442434232344111424331243224421223231221242232211422222332322142422244241411244242422222321211431322431244241242322433211241222243323411132133122431141433122222333222241144311
443114442321214411241144114134322443424244441313442241244222433342242243434232344341332242222343144422143212433433141244424443312213343133222213432431424232323241134244313432
423143412443142442312413244212141333334113224413244113212322314122144123232443313214321312444122242224241311342422421213243231331244314311444434334422443231233313144323312131
333112113342241343443211241331441312321231133133124244143244423332213234424323224344441413311444421232442113134132444423122442241442311211123341241333221224424242424344443332
233312443242243311444223223144243333412232424323323344431242212244412422313343243214111223244344223142314331412214442214433422442424243244121331233331421313143131243313232241
213111133213242433211341421223142431112222112243333313244314344311423113311122133132223221312431441411421241442322442332111233314242443213113143123112433111421312431343413421
344342411233111224321222211244311124213311313144443223132213421314313121244312421332413344143124223334411321241242112312224241341124331243213341243113313342422444312244111442
332113341143233123311111242214432142442232243313443213333333244142112333213133131243311312113241412231122113341241144313212333322231244111111412211441441111232411411144414131
332212322241443213311111131324241241432243211341422143234111444112113143242323221321214444124241312323111112333241444341324242142142243313241243322424213144421313244241322241
223342421241324314332312442141144313124331242241332241333213222313312444242234242424344442223143112142211144331434214444334313144334244414143244312121321321242141344414224213
333223444212442233241124311312242241143322341343143311443124421244222423123113141143231113212232441313321234313331133244422133243412144143111222441341424443241232322223112442
311333341133223122242311213243111114113243241311221242222422413243143331132131132424231231421244321243243233311241343133134424431444143334432244411111133224244442232424434322
441344343241343324233244333141433314341442413314121331112424322313241142311213223244413143343132343242244342244142443212443221232143312241313222244343313224242434434224324423
212213123142333213344243213242343333142442241341141141112342441441424243123122312233322441443312442243243112241311432411414213112313313113214233222313122441113343332241111132
211313322232244433231243143213112332243212312141421224324244322142313222133241311233322243123124342422243222312243444212213213333132133231311412311112422332423122122244144343
112243423311432213141343214144343132443422312412443344443243444113143232244213124413123442444222242322241312432144344321243243343323123313243224322413122211124322412444241424
433313212441231432243244222142321323343422311333443343144142242444342222423143224243112422243222413113143144433141231324433311314132232213212432243214414311313242124211241421
322212243313234241312334314411412132444312232441443123213333324414242312123143224312334224432331313333413441441241224344332312243224444232141412224431421342424311222322242412
224322211242332211143244142231414312442211312233244224233222321314324331411444421311444333324412244123144212432331143134324233124344243241132312322223242241411244222243111132
221311144133314113224223111221324414144443242233142311343214432424244423443214133441333113241224413214232242342311221244342214441321324211121241411122444141231312322242213143
142123323233111242324222313331442433333113322414143243142443342441344342131442231424221232144241433311113233224413413123243224324221344233241344211444211113242211432233322334
342241344231313133244242434312431132211222434241243132241413111241324211223313111311313233214241241143343142423343232242222311131441422434434213111331122432241443112223143244
342241313313311132433143333323312341141442142442114111434331422334443114113244223432213322433333333233414123342333144142423124233241114332431134114241333422141144233223111332
333233223133133242232131422443312433412433332422444143444241424211333222313243112244124243112413341113144344144333241241222133314221333233311111441442323241124423141341114224
141223423213113343223314321342213244333333421333211412134444111441223313231423143333343311134433213111111411422444111414241422223424314312414321313224413341342412214322311113
243223211142232423243113234443312313214244222332311131114123122442421242413241433434441243441432214111131111142313212211214131133232422333333123121331311431142414122443211441
411143223111142242344242312424441321241241142143143231313433323211423243211423331312313244332234444313241242234223244143143334311443242232441322431411424242341443144241412133
414231221234431113142412142233111441441442322342411413333331411133113111411133333114432312323421333331332241112414124242241411412421321344231442243233241342142211143242312444
141243421344422242141233134213334242311434232422423412424423133341243142344143313124341213142424222241314213312313133341441212312442441413141312321323143143211132314241331131
334143244312231313312243414431422121343244144133412412343221241244334141412344121234214424214423223344342321213213323114223311314222413324324432411442111243243143341131443244
312411411333234322332212224344341241224313342112224411114343344143141243141311131143112434242322243214324412411442412444243133131141224242433231133311121314222441141122113123
124323123111242213323244112213311114244311433221321322232213114141233234212333332244314424323243341444232444121311333314243243424412244421232112131231321333124222424442214334
242422443242331222312441431412432322241441311132233341413242413322241324421244411111221213442433242141141232433314312312243244242431344212241443222323442442434321313311343241
412332314142223331123132113141312413312433333332434143324434111411143314443442332343314343311414434244344143131343111122443234322332232324431243213123214133232133141222441211
413414342443234421313313222311221224241242221323333441444441242422242213133131414114122431411422232242411421222443242312242222243332144432312243242244122143312314324113333311
122311112211321131422222222222222222222214443143443113144441413333444322113413333433412424142224434133124424412314113342223444241143312442324114444124134233322324432312331311
111334232344424442414414233244324242444114314231421211223334234242424424134332313413421322423343242431414342142133114443243133334422222422331143441444311333334322441122111113
113342323444244424144142332443242424441143142314212112233342342424244241343323134134213224233432424314143421421331144432431333344222224223311434414443113333343224411221111132
221111314332424442241233313331314443331224443432143132324421231344213322242434332422221213333323333311324211322141142113131313341231131423143424431313314331342222412311431322
324221333344132414212311214132432313434422411441411143422342212334433113213223411111332142113133424411422431414242223432314313213333142421412314423412414231334312233331344434
133424434424432434224434433243331244441113331244413432321121314131244243411414232122414321422442142332334433332411243443211233211324344143131313332311433141444314242423421134
443113232431434411334132132224442423342422231222212233212132443243221244241311224141412242213312121432122441224433123344241331121414321221212123232224224442221213313221432241
114144221111312213112231224221142241121314311112444143231142123113431111413244443131241413314432411243214344311223312312231321313111212211221221311441243343123311323143311234
431441222313231141333444311422313141133142111141212312412211123132133143232311323333313142141441424344121314241314442414123112313122144211323313312113413231441124343311342442
442444321244142124433141221232111441214241443113143141441331133413331133141342243313124214422321213332241323242431124431411113323133144124424424411432433341243222423411322144
132422244431411312431421331321322144334113244421213342131242431424311243123211422331331144124322432142142424242133441143241412444224343113432141311313333123314243141122432444
444341214343111141422243441311133442343123344423311311422442131414442442421211243144312444442444242244111332313312222333331331124412311332134313311211214243213112242412433121
313311314242133212441211312422214431211311342313332112442212333122242133432141221324333244423313313421342333112213442313412143333112424243341421311244422134222143144431331444
322133113312411213233444414324231122232413123141341322331123133123343312433431121241342313133141412414412133244241442411111322412441112143241442241323142242333142331111242244
141411442311323212441143121331412133242414123311241144123244113431142122344322233132431133144421323414242222214234413432332144141412322411321221213131224423144314312111432213
422212422324244223443312443213244111122332222443121323133133144243244143233213111114442241243312432244213231242142224441342444432131123114224342432424212133324412114331113131
321334422242243223141241421213343144444222212213424324421231113111312142442333143441243331114323324221312312424222342423143124311241322323242314432122411441313233222312223431
431111322222331444333142441141343412113143343212144414142243441213342444213144433113311323141143212133143132313243243241413144231313423131142142433444241313312431413134331342
211411321331223114423241423113312141411322332124214423143124342421322213441421211111323144243311434421243241124442122113133134131143143131132214414111432141122322213321342334
422341332441432413422242312113114213231131433323113313131411331141343131412332113131331112212421342133133144244133242133141211142241223121342424431113123213411233314242422224
413341444111343333433434312423312133422222414312244311343321223111222321241344124423241122223314411344142221344312311313432111311312444313432121243114131242311343244114313444
233112111114313312214112321322311133411431242311143424412133214133133214132324331121341411443111411342411322334133314344142213313213214431114312313213112413111213444343122244
131131123144443142421242444411321314442142111214131232143213314243241324431111324242424441114221311314141332322142414313413313113131244124241212212143314124231424313113444142
421322224243423311111311431321333112223422241144133144232142141442331141414241121321333314414121331123331242432222143143244122223341133144241324244344212332114424241431244242
312244312242413312444444241144342442344322243141312334241232332424432441141241243112441131444142411441321242441131432244111243132344323344322213211331112124241431142311332332
411141123132142444231141323312322141411123232111143322142211412112123143322142112242442414411331341241332412313242413243313132143332212344224213323423333424434424432311131411
442423131121221344112333212443241134331111311214324432211411122213241112413411243224311444212441124412143242311112231411122312241124432311142111112222433141442314441111131341
122332411314132211131132333322122141114231412343313112341431414343433123331114241331441131122122223311242331121322243331321224314111421343233332321343143241143111414442422323
332241411411412414311221312131422311423311124334212241133242124222432332431344414333244243344311423442443113111322112244114423432243241411132311314323142421323132133433141333
141231322341344121311131431443342442412212441341232124331411333241244411141342323322422324331112442223314242141222242133133312443243332141141411144312232422313323133422242322
443123413311243144123212211243233113342423141214314143322443114414122231322241312411312341442212223312421314231411244311412111312433312423142311413224241341241424224333442311
222211111424324333232242424244411443212131122312241214114113131442314121323232141312432142313341412422214441421311231214131214342444413313432241443132422331444133133142121314
141412311112214342243133141413133133133433343312243441332432311123442141314241443242414441421324311141111144124422442233241412311323313332331112241411131242314234443222312224
322131443122413313122242423142443244112312121212112121211432322243444222231144243221213144142433311331411433314142433213332414431143111142431144333243322241422343242343112412
411114411323114314442411113241121244341422213312432444312321241314424443342222433134331343311133244433113312322412411241231141442244242432141243311441432142141311441344313311
322141132413132132311122411334411241411422314141312314144322322143311441441142441442211241443142432143112211313314311422233311312421312233142144131442313141121344322322111332
144244313133313311414112432212421311322333313114143144331424244244142432312423313344311442132444212331242244244111244331231444322323143143132332311131321322311241241431144241
112141122212241414323111441343344422233142312311313133114211113111422441433214242222331331442322241444411311141133143142132314414244441233134232311443311222241141443212122223
311421212144111242311313131342441241421312432441143142441331321343144331132143313332141212314313241133112411132441441343142421344213341444232241443432241232113113414243344221
333121242243132444212311411414441312332323211411413211441332113111422111441124212441311421244332411332133112442413221242111141241432314423312141411442143411144111423214432412
241443423314222411241223142443412414131413122244211232421311113222331332111333144442242413244214243242244424241333141332322224414311412133142412422141244131232312143122241221
323244421341243214322114333242324422243224332111112422132241411432244121313431311141413111321312241321322424311323331231332421314441211131221322242414444244312433323444124223
244213314212222311323112412211311212312112214413132112432111142421311144412241322441331122314412412343121244241241242412343123421333124433212141243123222132343241143244211444
221344432412312413133143141211444141424322211341142213324413311342313222332111414421222214143141241131421333322332442431233242212433312411141312131341123112214124413311441233
111411313331141231342434323132424232122143224431211344441431341121241441422312334211112214114342333142344134224222413332333343422223113232134314411424422441323322221412214141
143423331423441342242224133323333434222231132321343144114244224413233222214122141413112224111211222141224432211333213242432113341133141211344213142144442111223233431223442434
333414324332424442243133313331314443331324443432143132324421324144213322242434332422222132333322333334114211322141143242111231134123112143144242443131331423121332241231143132
232422233334413241421231121443243234343443241144141111342234221333413311321322341411432214213313312411341443144424222343231431311333314242141231443241241423132431133333124443
214412313142443243422443443324333124414111233124441343232112232413124424241141433212241432143244214233233443333241124344321123321132434414313124323131113314244424424242342113
444311323243143441133413213222444242334242223322221223321212244324322124424131123111114224221331212143212244122443312334424243113144431122422213321222122442222421331221231324
114232424123132323111223122224133323113131123111312444323131442423313131434323344223431341111323211323143213341444223313212111321213213312211221321211141223321243343313143144
211431414332211431441333141311422243111233242311141312322313241112443143433122111123233123243341443124244221314341234442443131122113212244311223213312313213431141143143111312
312142244321244241424433223321324223441323241243213243142441311133113434333141242223442411214422221313122441313111122424441411123123311444424421324411122333441242422113241113
344442322244231111243131422331321332321234423144422324312231342431424311243214211422331331144143132332142343242332333141421242312244413142443144244313144413441441214331333333
221211431413231133344243241244322341122431131333421342432241243244312233112123131122113142424333131231424412211222414413311311224243313112112142433421312111343132133322241223
243322411331224211322244232432442242433212214333422141221241331144243413433142412333312213212313222443333112424222241122243144322214131143142213431144422233213241422411133244
313111331122222113313241341244342323143133312232433111322231333313333424212331212133344241142214111322432141432124331442441413312222141442311311242133213411243313214322112441
414132434322333442323143231143344411144241432124243142422314143241333244134114244433124431423313322422444331422424344421321313331124423144123132441142313322312422313344423322
212443213344311412432312143121313133133144144333322133311441334443413343312422444313441342312324441322244432431123423242313232242112133124412314311313231221314143431343234141
244242422241321321313213144222442214312124421331413411221242442233112244143133311213143321212112143122443443143331411411322313312411422424211441243214241212332131413144313212
331444141214442443141242412241414223212144441314342414314143332313334143232133443133213344331141313131442114314331234122141213244211144233143132331143343241112244143123123111
243214241241414212412241413134424242232211223131214313143241413313232241214322322314314143144122142244141412141332333232241144313113311333411244421343111324441312141312113144
221343431112434214111442441432422313321312434222211343141412313322242243124313333213344441142242333431122432331121212422242133133344143333311433141323314141123232343124431113
243313211233323442222242411432423141333333143131442223242233122312423133243414343321231124422221241344421233313122344241131311131441411141332241121344443124333111311312412444
213422323142434413242144313323411423311424333122442412314412221312414412411431342314443424412133234333112434211331411321232122311143311333111221243244211223212211133113244243
314234313143112213313232344411122244131431423344143212321342444311322214142442211334331232243213231211241324443111332242224441141314323334341322432342123123213313243231144224
241313412243234224311224331413144142421221224211323112414111131321233442314222323411133314222412322332441443314341421221233143214121331423131232312432243142444231223441133144
441224344244312232214124331131244342342144412142223313344444111244332442444422343341242414441232232424422441241241143312441431444342423241221312211144432244141243222244312444
422213144343142423114141142241143132411114221322413344323141444243342441411412232111411322142211132312323243432342312342312314414241221241312442313122413443113132243332412344
424331344414333224443324442211423411413143123112222444312133412443231411431411243323224422111411122311341243443411243343411444432241424412323311311112314211122212341224442311
441411112342133443243211141411142341422232111311232111431132333322122441411331112223211232341131423143143223431441441332241443412422244311342423221232443331322324334311122331
133332321243313441143111414442421343332141111414112411211221312431422311414311131334212241133242124332112312314144323433244213244411423322443113144412212243214143312143141311
421331323314242421223322133233141333141331322241344121311131131412342313242212441341332124331111333141344411141312423132122224231412442323313142441222212133433212443123232441
441411444142323122313323311422242412243323313211343314211312312142433113142323441223141243312334234334422322212441324341112241142413341223321211413141132444314132241243144414
143143314432424323241411311313243111322211134424314233122142324244411443112331432214441214411423311442414121314242441313442142414241132212314441421211311314123142212244411313
312241143232222331144133333211122214433112114412214322141441411133343133241243212214241332122143214242241214241141442234331121324214141231444124412242133241223233313311342241
434331322411214143242322412212431423242143313342442143142242423332242221342312321311422422343344222231144143121223344343333311431113132311411133142432434313443113242431444433
414322441322343332123232132214414411312214431442331113341331444331322213112422144142434141334322443242432333314131323331133144111413312324442241131311122142411412342141243242
441422142141341131144442211322141432313132442113432241213211341111122214141312313114122312133141113112214233243214241243313222142212111213241131212433314212422242433142244141
242442331421244422222411332214244211433313231314413212412421311222333113111143144131424244244242242413243342444211142412244412331312244244311344214131144222324343243332411414
444121322224314241131144241412331124412411433311311141113244314422411312311344133213234313211432241133114242322231341242422341144313211141433143142432413214211141333114432441
142241322241131443232222223111121342444411313432231241133341341422242311441443443332131221243311331132311431422141212311413313311412414312441441243124221344313141411332441143
212141232231313114243144121233121314243132144312311411111441312222441233113113234341242314311412411122321312441311421244422441232133421323213221242211141241132214443312341311
412311411144411423234232312141143414314232111241323142421322414112413122244431332221241143222331343311233144213112313244223143242244424311333141242422324414311422133112232132
223144123432222343422241321323444421241343214232314333142424422314443432441412142332434441112244121323341141343142423232312141144412311231313331231242421334311211113221224242
232244444112433323144224323144313323312222311323412412311311212312212214113132332412211113122311144412141232111241132411312442443321344441241242422443214221333322333112241324
232441422443114113144311441421244232113212413333243341311423133324322211241442213424441411243313222322411414144122322433241221231122333422232312331333213412433112414441412231
341123312234224413311141243134114213231141231342434323332324322122143124432311344411141441421241111122242414243112314123142233112244111143122443212133111221241411232414414111
241411232414414111224432341122422221112221314222421132411333313314211232442342422112413244244444211122242212113314112143111111111111111111111111111111111111111111111111111111
221111314323244442242233313333141443331342443443214213132442123134421332224213433242222121323332333334311322141143121311223114323112144144444243114331434332334244431143132132
422233334424144334312141324223331344224111424433412334221233432312421322341411433214212343232441123223413434224343231431323113333441424214322444334124142324413142333313244341
314244233144324343244344333133242443331114331344413432142242411314442424114143321224143213124141423323344333324112434432112332113312441431443143243113331431433143324234211343
431142334244344113341321322244424233424222332222122322411244324322124424131123121412242212312111434142244122443312331424241123141221122132333224222422441233132333411134222213
233221132212241112242224114131441222314242313112444143231142123123331111142144343231341411223211334143321344244223213412311321313313112211221221211141223343114211243443423311
431141221323131441233123111122313341433132111441342432312111113143233143132311223133111242441143424244421214241214142422431132313222144311223313212213213131441443143111223142
142443221344134224433241422212214141241341143111333442441331133113241133141242443213124314122321313132141313242112424444211441423411144324424424411422133241343132414141312444
232422244131111312421221331321332144114123344421313242431342431424211243123311122231331144243132344442422243412233241421224232443444241314241311431114421313214221243111243411
233144241114144444111122221323331122311311441211343142113123333111114141422324333142441221232332444124244442422132444111243322242121333131231112312211232414413311311314343113
212242332133121242411243222443312241223112442211131311311324444312243312232433322123133432441222243231141223123142241112233112213242413112243333112424214341422311344332234311
342413243133211122231144132133142422411313233244214211331421332413423141311331331123133124343112333141122241242313233433212241212333144241442211111312412441432343341412141313
312412233232311222441414313311414111313112441312421314142213232414341314243341232123431133112222424322423132123333143123241233434322423131313312432244441142132411321221213231
224443344423322411122213322332422324244223112412443213444411112332142443321243133133144243131133333313314334211441443212422444313131242312224441232244332431123123224213212442
442433424412214211242413121314131413213131141214222313241444344121212314312422321331113114112242442433132423313333211414212414312432444422242423143324211241222314242434122432
434141313313231312223131123243432233131444212241141222412223241142243131444343332113222423132333411431131441214322133241213211443314244333443431223311441442133243132313243142
341413244143313311233232443133123341313142231113434331342142331134134314314423141423313112141123122322343134344443424342343212212241442441311241131133113313334443131411132122
243312424434312213121311141213142431422434334211422441422222313121323234222241312441122313322342442113343311322313311343211211244431243132311331442421331412112421312333333144
443133313133111423124441341321313224431113123223311333423312122221313321244443243333443434112323142433121342444422143311243221323431322221341344322343311442433122411413141243
311241331412244241223322421314343312413142241241322244242122443142234242242311241231311333313211142113323311142334312221312411133311131342134242324424333214133433434343442133
221221244133144442441321211411311322441333322123241411144222413313121244322244431231411211143242421313243244221311412324311321331232343313211441441222131111213242114312312424
411214141332322442242241123111143231144213341323112143114424311224311243144442421321224241423314114411121321333242423422242444133313322331121312441443211241321321333143214121
331123331312422112344431344322243323133144241324244244212332214424231131244342312344112342413143244244141444122142343122323241312114441322421243221341441141443312441431444312
223111321212241423132344243243422344214244422313231431112144441211412123141132113314312442413314313412213141411432132211111332112311112212223123232442412212313214111221341141
213313313142432343313232143232232244424241242223133424431124422411411411143124241313222441412233321242212214131444241214224422411111122213241443424311343143211444422441124442
423311311112323111122212241324422414141114112312333131143314441311432241422242113311122411131422441112432141411231412123313112131331123224233114231441131331441112222422311311
242134324422423312231123311414122343233122421343132241443311414112131111422441131313312211211221312131422311414311131334212241433142124222422142431244414333144213144111123142
243413211332112243214143312143241411141411313323313321323432133133441333423231322241244121311131131144242442212312441341332111331111333441244443141212411432322224231112442423
313242441422212333133212443323432441141411144312232422313123311321242222143323313311323314234312313133133213142143331314241343232443314414422343222341212441212231142412444341
421323314141244211132311312443112443213241413424311441324331331133143111322311114124324233222142424244211443112231422112441311123223314142214421314242241331412213213112412212
311341414111314114123211312244311224312441443222422331144133132331421311141332411112241312311413414433333333241124312311241232432231143142241323331441142414441221224241111411
144124412342311312313214331142231113141414111312211334143112413312222431443142413113222343343142443244242342421342312421311422122343244131331444143121313244232433111311114133
311242433313312214143143111142431144433244422241321243142443212443211114111312242213143113213214311144441422313112432144142331341311342443312222133113231243323133244241414212
242112241244311141442241112332141343211143332341141231443144313211232441112313312112113332311114111241111422314141212314131131312133313231112313341413411241244142232412242411
313214211421333311312421242233242344243242413241431444121332111232344244434331413243234212232112421311322233113314143244231424244244142312313124313244411142312344412431342244
244411244223131244422243143443332411434423121322313231414331144241112331424412414133123111441443144421233112212111343333113311413311432341433314343222331321242422241144142111
441133143142332313111411241233314132211113141322241141143112322323211421242144411311412313241442441241421312411141443142441331221243244131132212423432441212314313141431112424
232141141343312421244213241244232441443432141232423213314243344421333321342443112444411411411414141212332111311431113314141313311141112431114132222441343221344112311332133122
142413121242311441341432414423311113111142441131444111123314132412241143223314232111241323142443312414112443122244111332221243143122331314411233144442342313244214243142244124
341233141332122324414311412333142422412441141111432122243322241221313144121341343123132214333143224422241443132311412442422141411112244222244141214142441221312141321332211331
223131331322421311111311412121224242211444344312433123244324323344313223112222211223112412211311222412312214413432222132411113321311444312141222441331322111112412243321244241
341242112143223321233331241442241343214232332143331123144111141321244132113312413233443141211123243313222241413142313124441411242113222322411114122322314143141241411121333322
332312131233142112433112411441412231241123112314124413111141233234411213431441331242134323322424232122443224431311344441141141121311311122222143211112214414242433112344114143
141121311311122222143211112214414242433112344114143222422432333141421323113122421334334224432241323122221421133321332314234112244122444231213242242144442111222223222112234414
211421111343242113243124122243433242143433142111134314111331311431111133242143423142111134343131223131213141432233344322211444221324323421124141431312413113224234141221344311
324231344414141441433342222344431322423233211131124224434343122243434333333333222223143333324231224132442341143422343112114132442342313224432422321234222314432221434343332243
434434443342311433342434324212143433144211334413143443424324412222333442433122432324412442423133114324131112434414241133231311143413134332424421434324333111144414344113233334
334144344233232324433111143331434224121434332222444124314411333313324331442424114244142414344123233112224423242232411321313312221324324241141124333244144311432442213143332413
314433324333424132323413344343144423111112242321143143143144113434441434222322223322224213241312412443443423211442421214142224341431413232432443144243342234312412441311122322
431111414113242222242333331232241311113112234222413244132331311221241311213224324422411243322413131132413131412232244112234432222241241131322344311214144232422313234411113112
241224442414241331413244212111141232111123144143133433132342442442421311132424431131244131322441242344213412441411133334423412213232124423244333311142424232223241222324443324
242223443111133444131243142122321332232313114341444224412324242241241311411112121333141113133311113141441242132242222243433321241322241423132444311441333133111432131331414121
241111143122241432314244344144213123313233113113244311331111312423344111314244223112242231111222221312431131421331411223112241343141332444141311242412214333241144331444314311
313214214223113323123114331123323244322444344424422323214222432411332244113111132132443241311411413141141413213111312241141314112241113113142442244142313212212211223131144123
242244113113321324221323311133441244214133133123313142423141333142213314132244133313432223314431321313122211442144241424433331223231123131244231343124412324233422433144241311
132311411412444314222231241442242311143331331332442311411344324441242442242431442411233323122243231323344433432424242143143142433441421341131313131241411143132311424423241432
241441133143221313121331131132223142222233331331422432111222414413111223123142431222442412433321312244433144331133113111232413222431311333424413312242212222112222423241122413
144133244331113242433242413312423442443233312341243112442211244433232233111233141443133412214142442423242433241123141223222212423223142133241211223413233132121333311442242442
333133434331142233244334422213111222312241242443111131413121223122224223312223244111133221222241442213311313323244441341433132422231412441242423432314243443141432131244313221
342143214222423123122222243131421314144323132211222311322212222313244243143143313211443111422232442243222242433233331314243143433311113434341241143112443424312331243342424441
242244322411323143222223222211242133221233323333243241322312443342221223243441134413442242411242323244124432231142221243132113143232113223113241312243342411314211144334242432
442243242223343344333141322323332234231333443441332433341311431442213311242444141441244241133344241413141433234231243222423133342441312431342431313141242314222322432241334422
322241242241413132241432223111222413144223233243313131242232441233422244323413243331132443224443134232432111313224313321322322223241222441122423112331422211122213313313233423
323242244141444322242424442411424432333242244143133113311413313141243224431422141144144244111223142214112231111122443342243144412424333313242242422311412243144323334223131143
324243223143422433121213123112424434242242433142322221311244324444243133213311141111443113321311224432233244243131322244223312322432413223241243431241211144144424321322434421
243222334343433143412421224333234133312233433443222213434233143441311113314131211122233313211312311311131424213211221323232332311122443244141242241414311333244333313212222223
311143123143141332411243322423113423432144241122413244312432111141232211143311443141113221223333422221311112443311112432222311132243113132143242443143212414413111441333142142
442442212422412243241222344122441442322241313244422222322223321322231141411422431433221212411113212233244211412223241222442313241243443213443243343331112233111444142421223222
242423423122222341113433241144142442241411431442423232234413142411241312122243222432211111223241224422312111413232242243332311411124432413123324422243231141131131443141241243
432321223141122441111121233322421311422111122411441133241213231141441143434331424422211141312431431434243232343242411441311144232322223332332431112233122142211322433331414334
233141433342242124342332234444343123144431144311123221222443111232412443231143112223432232322442244311431441314242424414224233233241333313121222241244321211344131443242442412
212441243122444331441233411244243241322211121222224331412442323213113143222242133133212443331222441241211144312233122213223233242242212224213213111222431223123222213333212213
242223224233241143232211414414422234422241242413442423343211133444322242434313242244223111331432222411232333132243232211433143244232233333131333212322241111241312433312212111
244431443242211122443232223244244141142413143222241432212241412412132423141142231111314131141313131311112433312222211131123124423241222422314111424213113241241441131411112422
431422222112241311211141223141112232314443422242223141134323312222132131241141421232211124441423121212413314414143311422231334332443243241222243212422232123312232213223132412
242212222224222142221223212421231132222211413333241341444223143221241233223113211433111133111413331441142411113132411412214413241413244242133143113241322431131123312312411111
242231433112241432221332241311241122442213241324323243322444242221241311223121222442433332231222422241122241222241213312242432244244134231221311411143241424241411442141422241
432241142411244141342442423123141243424232132234142423123444433211142214111212242231232222213111241112241122411411112413331142413144112312411223133131331443134313242422222244
314222222413142414411423312322113123441244413242112433311242222423321243343231413323434244421224244343243112242243244323133243334312112244212331223143244313244123242243122224
323332442423314141343432441431132324433331411131444311342214234332241241341242414442423242233434334323311122442411123122443221333312222311133241321244333143433132323231122241
311434332423141344342411432441241142442222243211131213244141311441412223343131441331411124432322434243443431242121343331411442222323334412244122241311331443222413241111141443
312224244312233244332241311412441431441313343233344432433321243231431111211414114411141312324241222241141444334432411444343341132331111441314122212443244241321323211222442321
231123122222411141241412334333132241411142214443244111413334332412241342433433412433331242442442244214431432322444334422242443111122231241143111244122241312244323143312244124
241333141242441324413234422244332341422441434222314421242121243324241321323134422341243311331243143241243112414142242432211321322222323241441331344222341333244242433243222212
241423132442241223142431243321241141411114421211312321344244322433123344424223324313123112222411213312322411311242221312232243143212412411443221241411222241433141241312231442
312224321244441341324332312243223241222241112241222331131132442433242322223214222244131442112113213143241311413241222222211132413113432223441442413322332211434343222242232413
443322221311433142412441242411413332241143112322114322242234333144313131443241111432332423342443431422443144331324341133441431421241434332422241433322243244412421222342333213
444124212223423332132244341322434332431424422412411432244124321112232222241322242222232224222232222144322221144242211422211144221141422222141142211412141422214222221422224143
224111444443334444412323333343442113244241314224234344134414123123333344221333332223413434442132434121424331333314232223321323334132333413332113331442233234411314411313311222
132312333324412432413211231414411342314312222334433314432114141142141211422141123311122412221231233332241341122343422441111131332323132243343232231313331221122211223443323242
422414333322422411424222333233123434134244224414123211423113341323341341113213312312433233334122124241243222324333243244424414313332344422414111133223223322222332244132344423
333344232114334323441121241314442212222313323223222232132331314242232121324244114442124242243333223322322441411342434344344232223342323234131143434342431131213141421134341141
114314223234423214323214243331311411113143242143413313131114431434411333333233244211314414332324344331111433134244121141233133222424243442431133331431333244222322442413132321
424113333241124431123231143433232421444114331141124233144144213333223323234411444123241332441413131231313424322213133242432242422211111224221314322333341133114244232244222231
322222123131324231121244332431113124412133314124242433321222431314334224134321323334432224112122243231244314134414112442133321344133223222424244132244134124134232232443322344
131341431123112323111311244132441324134213343231213434121224231244113333144411132332342312324131141421132333142332314411124114444221221221131132232122331123112133111132311224
122242324331424424431134324434124323333141331124413113242331131233244424414324311124322224321321244313323233222244133111131314144141244111133232324131414214322324121114314411
122344331311131313112321324224423413232424422134411142333133134414113123324322322424324131334341324131144243234344324113432132131331224133244321422441321322333114114322232323
131231411233323233333134233224324434144134414444222224414321343241441443132133232431141324422443424243114223142431124322333142223124324432333223224222231244323314142232121324
411114411311111344431331244143322344123312221331244121334142443431433343144424313331314432133432124131423411334432232224331341133133141133112443112441324242133333133141223241
123243431311131331324224122244114233332134231124244313322321432312441333113124311132441323234224234334243231423333233142134331334422322313344124233111221314332333213113324231
123334242221124422241413134141324211224313141423321223314231314243424143131144422432232132331331133324131331324233331232124411111331222321333341424132121242424424142222334133
233224112242431143233331322233224421133331131331131131143422133332122232324331331122324213314331322331244224122133114224323232312432322421244321122311243224324324224323421122
221123142133424422322211132233232224222231324424324321244221114421142233231214322131343343324424344411113331331333444133114321243142321332134331232444132244432241122331432231
122231324333322221222323331323122133433141321422121331433331321231332324244134432444221334222441113241323332241322133332324411323331331122324131223231333224222334324434124122
231343231441243341222313331331142444223313114414224131124324141114421114232331134124124322344224132224234334113314231143243334141133111333444244332232232124131414324233321214
421242241443334433111121244111331322221132133114111124122133433231122423222243211333323233322332222423324131422322334443333111111311144323334223112443412444243412324434434231
134434331132223343231241321143144132124332233222422222323332221332222131142424133224144231314231424333244431241313444224332334243233422444333321334434333324344124221324133143
211214422131313331433224424141343421123343121242443234224424324431132313114222322224244223332121132333323232334233233324334322442221124412442334132224411131321144132224414234
333321134314132234443423232441233144431121332324332334233441231442131141111241144232232433333433341333232232233332443321343331331331331141231124324131133314233331223224113234
141123334324323232133431224123232231231332231324124142231231332224122131144223134413423324243221332233441233314432234433241333344314421441243234242431244434113113334313124423
342231332332321412333232123124231222221324321322432322332221432221421232131144443442133432332441111143331233124134143224244123424422131331322234434142232231144324243434412133
124324132122131413141413231213134124244111311123314433324243142344222223143313114424344243211321112333214313333144314411223111133233223213433233234431214134424132422314114221
421114311231314234231334132214224324312444111144311111331333244222333324112232442311113231212211111331331112231224324332324243222133213131133324122221331331324222423222312241
241324424244133233231331134122324222224122443231113111112242322332232223431333323333314322433331124221243143323144413323213434144331124114432231332224321141131224142444321241
111331233142324224221122443221321422442221113114114144123133333112311112214131113243231244112233334133122431441131231244121241411134423411144332122424142431324322332221142122
224124113222131123224324221322431111411223312244332333212424111112221141121413124123132324231321413334143344244224234223223434434334324443114421142324241331433111221234333112
334242311141244332224423423142324232122311243333334122344112122224124432124111123112222324241221244124123214413111123324124434114132231324232222423111244222321431311122223223
341121244323133244111411114431323322221332321432231224224321311311122243331112233433324221344224333132133334324224121443411231332224122221324221324324413333132431111343324324
411242244124224141114322224124141213324432331113323143224332432231424324122433333233213131111414414231242231332431123431333141334222131133233113114224211111244231134131331221
333431141324111124241141111241121433244224323142323313314132444143132224141131233231332423233423141131134334323233144133113234124142213144114342224323114343434143432324132223
222324122442241144222324321231222224324421224332313222324324221211113214332331112221114112311222443331313334241414224143232324144424113144334342134324423424343434333111143114
333223144212244131223114414434441144223214333144334431133334231244132224143222232424331141121214224333331231332232122133324131144324114241333141422422243213233414323123232234
244221133433134224314141314122441334322231113231144124241413134143433131324234333223432334231121412314414331141324133231312231211114231311144413323232231114131134221131112222
432331131144134132233314311441134131334231324411231241131334433244322234242132324431132232241224431133113324221131331311324414332422231133132433233132133444323111333413424422
442424412324331221232431124231124421141114324222124411243122324324414424414433234324334321331231231331144112241224114314324111142321243244313244113323144414331224224131214331
314412324224213124233321411111321112241441441314234333134134232233113331112234113324314223242333422124133324441334121114124244124224214332232331113131321331131244111432243333
