113333423143133334342313221311123134223423424134444422233332413134211213234342313423444134121211141443134424222344323334313131413413434334443443223324344334433434424334434432
134324124124424431424122311424222244444324212424111442244324313341312222333244124222234413314244241212121413241143441424312323414234323441113413231331413222224322211333111133
232123133211232423421324233222423333343133321111313342422323334134231321412313313332422333342413424311413213124321211412143322131432222414232141314444113143322333224211413141
241234243231423331133232443433243332441341334232224334332231412332342122434114424434424432342143313313331234233333222323212111132243344421332411433334134132422342341431333423
321332443311432444313321231231221334442241311344313432314342312332311314313313343413422331414314442243224141333432442221211411413233133414134323133342231323444343123133343323
433432441134343432222443443342311442422232314332442222313232432412442432414112312413332434313322222431113321322223323241311432421432234141332243441213433433444343243442333413
332432414341232134232322141132133423423341343412413422113433411341332423331243223423423113433422423313332323433321412222342234411324422223441314143143342223314141134314343133
314141113323134341133124434211344111113234234222333331333433434334433423233133112311433242214113343444334333111312321111423333331344123234342322141343434423121214332334432423
131411313343113234424224213234242222221223113112111432222231343221323414242413424132221244444113433424244411241344241221212213132321211134422232312134343322224121433133433423
442234134433312413412221411213133414331223322212223333331233334423432212434242311131321331121114121123243311234313322121212112124244234342424423222221144143232411131314131442
421331232232414432324422424414333124134134442344121314442433433134422241331313234241342311231112334344211334442432412114134413242223123413433213322141334131434423421143443143
244131431244331232223231342242243231243232344423333422441221423222444133434343322244131134441322241314334331421341344441142332112433212111133434333422223131431433434322423433
324323141341344234324341344234324331314314344342343333142234232332112341342423343443424133134231334243333132343234322424212114141144421442434334314344322242433414133423433133
431412233322233334222221223123121113221241223243131412111222221121111211211433443143243222322222431112313424242434222232142234322342421222141341123234434121133433443422433433
411213441222423233441424442311414222341222234441431322242421443443434233313333324443313314334341223423241343243233212122114322234343143434322212334132343242341413443222433443
231423434422142413421323441333222233322111414332413444242434341421312331412224143423414344144134344112111134242343131114113232322232324322322223244442423214324434433232222413
233411343214423442232314133414431112311342343411341344241111123441431322233434434322444143444424134424214342243222323242122244323443223242314241343344224233443241414242343431
322243442343131242233111221342414232224134234124231423222234442442221314133441432433113343143331341134134241131143313423132411411132331211112144324331142433432331343343443133
433324133233323243313324324243213244242233411234213344342324113133411414411113414434434414411132433434441411433232434421434434434433423232414411414314314344414211134144141433
244322214413121111142133424144232141342442222242412241313221313314421143311444134424111324212424144113324442432214131132113424211243222221314413342231131442412132133243114421
122222432112243134222322342442313423443234114144224424241111342312323433413424424113343231212141331113344134324332314232323442434244133141344342331243133414443141132442432123
122121334211211111143432133234433222231213111333342423343333232222333342433341212131341212211133313413312223342434122143411334411114222124444111114134214411144123124214111113
121224434444131113344222344124222133322112322133444413323422423323233233223223323441313444432231243241342144213341324444231111433244421322124444143434313111441334231443433443
241331332442313213343342223342331343441213324131423343343313342133143223423134331342313214241344213331343243242212121342312334131234424131314322314111311342424244343134321322
432332332434422333234314333333414212234232424222334332421211111211141413444144324123434433223143423231222423222132323414243442344242323123442414134144334334333413114223412323
414142113243142321343133313443424213131344442411311313211234121142343424214434132443213123113344121232434444122211111413413334224231233443221414311133423322221231232233423433
434211123333424241242424241224134223444111312423333123123143423131132413424442244231324134243144124221343414231414112343121141134444244241434442233313144142323244343111143133
233214313423142442413432412112243113124433312413411333432244413411342311213313423111334334241322443241134224111312111433111434334234431322443223141431434332344443412434134434
141141442422332332322411334324331244433132423113433411114343224232443241442244242343211243314222222123234322311242344241222231344143423124441111344213343233341244141433344442
434132424231434432434312234332433431234121331434422134313341441324113441211334311144331342431134223134324321211411443312423333342441344423232224131341434344313433422433134143
222332344414413231414331324124234412334431344232333411414414414211131131313443211414412131231231114114121441444423111134344132411142121211343341231242234144113242211211113433
442333241231333413143211311134321211313312413312314314242332332143332432222124343222432122343422332431321322213313322411131121332134211332443322243424434321234311442334423423
231344344222124124111334434224344123313434442233231223113324341111414411422434421111331342311211141342311241313323112422434224411344232221212121311134334221241231424233443114
232111111311342142334413444234314121343442222231133234134422213433234333331131241343422344413411141341342314444122313442122214331243143424344343323232312441233132423133423434
312422444443414434211133423414422411111334342123243413334233441321342242222221411434433131241332341412423423133311442122211344313131433141343422342314314341343341311413323143
113133413432132233342224132343424331122222234324331134334231144334332322324433323343313332234323414313443442422224334234222222222233441234433341222322222423313341343434133434
434243234241111343242332334332332312334334434242332342243234144441212111231334234144422343314143413424134143243413433434134131233232342324324144243422344323142243221332431213
343233423223224233231334344331434244341441313222334343334144324212322344222433343344143344333231321212113423334333444232332331242124314421143113241433411343133231431413414144
413334334234234334333344443332344243432133444333131223111142224143423223124213433422223443323134144234414423134331312411433434434434342212114313342444423123413341341443434434
333434213413423143414213424222234442342143424324412143424143443134444434234241144144141324241241321432121214334324232443222133433423432334342343223433433133223223223323231423
421412343233344424333414134444443141244321211111333114214334343433334434323142343443241434242441441344442441434442343341413213213243223243222222423233242441234234344132433443
133323234413142414314314414223414311411433411323433233343231311343424341413324343414433344343314323114124413324124242313443442241111343431241232343441433123213434332423144434
334234224334423333422233233443433434422233433423233441241434433434434344432344342333433423341413442421212111334342344332343344333414343433444414114112323223334443332434223114
114141223223233334434343234443344341443341343442221212131334232344134434441343341433343433434433432312334414134434411133434434334414411134444133443113413443442443443413314122
314344343334442411113343421233433233432122111321333333323332321442444434323133424424224244124124424233123424413411214314133434443431423344443413413432233444223244141111433143
444242433234141233134234443222243424141244343141114224133144432133131234343343242141334121113243111323124324432222323314113334411434234234333344132434333434423243212234233134
134334233443431132232423234431344213412111113413423333342341342242222323341434424123422333423332323323332334344333331344344344332432343134413321213212213343333133433423423423
143314133232424341423433434133333231332231423133231433322133333423134233333121133334224242122211342313244141131121114342241222323114223343232442222442223422223111444443333123
411422331431311111134134223122441234232413423113432412142423212111443342433433434334214223233411443441344144142324234133431434424432441411434314342344341434114421414414233423
333222412421421312343424341141241111131232211411133444234332114444111133331342423224443434231242334431232231242121211413442422231141341342414133313134344422231322322232221122
243441443133442233242443113443443413414323443243243143131134433333143142323133142114314444211131111111331314132334441214212114114441322213343212243243212231214141144121411144
213141322221111411433121111121244411223333243321342322312413444343322222322343323444323242323423423122344433144132222211244331131433242443133433233411343234241431131423443141
312134314444324413424422133442313244132344222343242143242442231133241131244323331414324321441133442331423131222222442444244444421321111114212221121224444222112412111123314422
442422313342442412211334441314243311212113113444413431143123123444421134444121414312424322413242133123122432432134411211211321343213413324433242442424242242222224243134313413
242222133313332411143424431333432213343433133443242333141411324222242342342224343111114114444323222432341144241433434413433423442133423233133131422133133423433423132433133413
414414414434434422244123431132334431122132231134134341114144141434131434144122324211342234142234233321131331141143111142434432141434244433434243324441134243431344343442333434
211442344142121211421324243323221423444443334324432344343443242122122141343344434232234314342233344234234242424323232121111322234323432343433343233221423414132243134324233444
234112244414132223414112234232414344343241314312134444144141313141141111111313123431313141322212111334214224234434331232141323132221224111232133241222322242212222332342111322
113112113344124241224244324421312114324422324432431143432222313243122144222443422243222243324441134321244321211344411141133442224431131223312242444444444421322121434243321432
333414323443113431333134114434343134434323434423134233244431233133434334123233112244323134421222113433233432224233424433342433343143243232123113222224111232133424343323433123
113232133144333234443134114111343433424143433244241234434244214141214341133412121421222133234342224432224143433423132142231224233234234433444234343443342224433133434343434233
144343413423342133441442332444243434321341133343131332443343414341332122111324421312342333342114331443431431441312322423223412341333433343344323413123442423332433433443323433
423141344434142133434131432422244111434114134434333343242423414432434343244221113141334332433134234434433131224243143144343434434422214314341342332332342332333333134433243333
342431343342332244143441324422123422444313342312342442443414343432334443312343413343142324443342443243334343432224341323244433343244243244323223243244243244323243242443444423
433223323114213424313443413243434133243142313441414123323342414114134311321221134434123423143114323124413122113441123324414441111413414334434334442111211123443442443423442434
342243441324313114421434434434134414324424413444433444324423444441141113424424244443334241444441423422444334221324323134244421323441223124434123443433432412241441343441111141
331433434443233434233234234123133143442343423443133441411233134231233243134234222233233232334234231234233141113443133343243221433314413122322222334342332311231434434334123433
211423413223343413424242443232431231313232231144332223141221311113431332131114431114243133244344132221243434122231343143242244141122434131231143244244133331342134241214131142
411141323241341141141411342324113314414114111111111131413111111111424131314141322424121213444422111324412123214424324312424212222322242412222432234211432423143323231444233432
134434432322441223443122442434334342322443324312412312342312312412343312214312324412332413321342432422232321121141133334433332413442112222332223223233422232332314324334213424
332331333241344334334344334232344424332231444143444133413322443243311423342133332332332341334344434222333441444233434311313431141413313413434332312343243244122244333434134113
423112332233343134423223143334333124131241232333231342213332231131323242142132324232344322334422333124233211231211311113133424231324233123233324232222343433433442333333311133
114344344311314322344414314113334342342341341342342212121221134231134231423443121434143443334341422122242431334132331242323244334434331413344134131434232342134241434142341423
441412441314241313442422224221241221441312444113344114334141314142132131414242241144421134241444141231242312444344432411413342434441144122413424243442432242441131344242222112
411224324441234224344224234332224424423343113343143314133431424424433134424424232314134234243423111312413424324113222233224421211112231323142443443421433122423223342231233133
313431111143244113113134344321111143141131232134113441223312133443332331413141134131132333342241234113341344431314134134114144134144134134134232412114411443414113423222243133
233443323231323312243433244422234441324124123222422442431324423123243222324344234311341123444411314413432411314324344134413324412134411332324224224134424413441412224411211114
113433111113423313122233123111123141334333413434333124334334434133433423241433231322233134434334424133343333334431434423231232121212131231434243314113424133223321434134434433
143141143144442132222331111242334131111314231112311311122211244312224214331311111242214141413114114122214131312431324111243114214111111241111342311311114331442241111314112322
124232222321224131121431114411213111141321243311412432114431432311124124131421441132421231113213132134223114111244132131231144114411114112332231321141124141244431124143143111
124411123113331212224124222321113113413423131234324121231131131213333212131444331332331124231312441231231133111213132224411132122111141131212413213231141131231422411111131234
124231111132222433411121431414432222321414331411432421141121433111411431421411411212444412313411141111121121311122441121313222311422243243124223242412414212224142131112444142
124222223231221323224124224443323131414432411111121114121243322311114311424113142143223143321313112443223441441112224212433134411411111141124222414322422114333111432441433232
143141143144141222412222311111242324131413423111131411141343314124143113431114331124323231211211124141131224114332131224331222421144114244433221124434124111242241233244111124
433143131431124113414122432442122132443322441411411431321232323311141311131411142224433121221242112313132222441142112121124141333313224411111431121111441422411443141422441414
343131424412332144314113342113221113223244314231243114133333232214411333242324112211144122244221411111331213314124211224143224312123111144134312213222313114243123311412314242
434313142441233214431224322231343222414424113313323132441431331412223123211244421132331142311112311143242324321133142124113143111314231121431331113144214331222211141413144324
133114444111124114244241323111231234114133323414122131214423344113321244332234241334133234142314142142231121144133212311422244431122222342333341313111112423123342432211143121
123214131122314123331123211112241312133211224122142214124411321314244122331211442233243321331234432221114111111121443334413444221431131143413243344243311314343112331311232131
432233142414432314321122413323114111431123123343142431122241231141113133311221313213132442124131324213211333241444222214111111341221134121112114333411313213131321332414431433
443213113131321121221233141221414143221122143232421221121121131321321223311211324411231331432241222123233111124122311141111311123121221141321233211431341133312123423322311123
313231341232412323142414111112311332431132322441131141211413142312331221421122222114111111134121441334113321421224111411334232344231123214421123414324121334232344111432311123
233113232114131322432423321131332432121443212331324312312323233243312132233213231312312123212222111411111121443334113132112342433443142433132431313131131321313121311213132131
222314122423331222123342314424131321233211144314114332231442324133314331123111431221213314133124411243121331113122122413132112413131311112244222211411111331141411311214433141
223311322122324311421122422214312312113113113422121122211411231142322421131411121114121131411141133222122121344423312211222212144141143233222213114332114122331221414121133141
112424141233142223132313143123212231321222131421241241433311122113134421414423214122212211214113414411412211411111423312112432444414431123322433133121441322222311223323212222
121121233241241122321214113221441221141111112231241241141221111332231231233222111114141432122322212324112423322122112423211414321221222242133323221433214131324333143121211433
411122333324212242112114133231221131212223333243221421321243141113333341431112211112241241141221141111141444122223231441111123222222322133223123231222111311122214413231441111
233244211221431222232142111133112132123231142332114141144241411414442333414421233323314233131111232143211222214324142441324122132323123131343211321321144422213324141433213113
231333111312111124111242322113124122431331221141111131112324124114122114332412411443331133223123222221331211232242232314213312224121144421313224331121343333312332114442323431
322312331332131312231212231441123222411221133323131322432214411141433212332321311411233341443443112231422112223121231141211312331222331141331314121132121221221123222133131112
142342234232434241432321321322142122422222441441234241412211313142433443142223222414342241222231124232114111331441444333441141113344433123112124324111343443121333343421223331
332111221332242441222334414411222144111331332332234441443214214414322131241323234412244411423341432441331241324442412143324334432443431422313124421214231422411112111214111123
312341412321224321333223311124312124114224224432413224422114124422412133231443431222444133111332341133311331422424122244224222442411142443421442114231443124233244333321433122
211113422232322324422133143113121441112242342241132131242242114432221414111211444142423321222144124144243233442443143333133111133232143413214411314321212344422432121431423144
231432213412323224231412323122111232111322222111311412233324221233124322424142424422211231211232242122221322233131322223123232324331424134242244224233231434233323331214423431
112222322241112244324431324324224221122211413314123112211124122214222122323221224111414421112212214223434121343421114141222224224424121423224211121322422141232312211123211132
224433321221223222244214424233213123223212212211131233112224242221241222222433212212222131144212222122124222143222132222242242222232122122222422121211341211123231221112321113
112122332242122432322222212124224224213244224244223243124222214211124231211224224241241421244244231231241222242212311113123231241241221411232322423141232312211123211132221222
224431112224322323132221312213421423134121222333121421121122224424224211321422221321322124421121324222324144324242321412214224112314322324112221224222443424314144313221121142
242242243222222143113212211432224212431132224244222224211222322212212223133223443221342221211114144212431422421211423221214241131142212133133313223141221222112321112321113122
421432114424311421322242133212111342433222221412114221412422112142442222432422222422114232111422442113212342221334232142111332142442124412132433224221141432211123211132122144
421332121113424332222214121142214124221121424422224324222224221142321114224421132123422213342321421113321424421244121324332242211414322111232111321221441242322121323334423122
221441411311414324444124431441111433123324111442114444443113333332344311114334111424422431114111234344314341334132432224331141431224424324232342124324414123421244314423122131
144111114312111141442132322331131131143334111311414444134231114423144111223444224222242224244331433244131234443243142124333231111131131114233242211313233211222424333434324211
232332212131442421132222423342432443243443114244343331134244443234131432223323423132132322122122241131114241421222411241121142412221312211141441421421144212121422414142121112
442221143141423241433422314144323122241211121411412221222444322442442114242412222124222232224122223224214132242233241343243213144143141141321131143223122212222233144211431113
331342311322334424134212223343223344233343411112213421222334322334441313423343221111434411424134333222333113313133213323433212114112314242314223323241323132324223421414423133
421112211124321222131111222111314111441414124221241133442222131144222312131234111121431321332444431433413131321131234232422211331411424221324111441442212221124131432112311122
121323113143114243441234143314234241441112343123343211234211123131141131212243314312431142322444214312443311213312422323123342123311232142244111413143244343122243144144222123
421111222234112222121121122114111441422211214222123131132211114241112221222114111441441321322124311421433332112421244142111212222112122331112331441221342432213222143112421424
143111143144231122121223112124411141121111411321141412321124234314233343132343414121321131111133132424412312124433121123114111213131231441141311414114113332432323141124111244
143111143144311133122241124412423112334132221322223221111424331434311112432121142133131223332212132441412332331213143312441131441131441213133124413131423113141131312311212231
143111143144213241233111124411413222424341311243223112331124122423414322434411114431124111411212444411412334111123411134113111222433431121243134313221411423242223124212231412
143111143144141221111241123311123141141211211331224412311232421244214224441211221432241242213111224441131211232311212444231423122311223141314441123113133114324113312431123111
431444421211232423111124414111121424322322322431121423142322423111142412314122243122442213312431113113234131414314422413131121124411114113422132422131312433311413121324411114
143111143144214121224111112414232232113341442341113421342232323212342333423144333332311143341412343431414132241441242322243144111411313341232341443232312441124432111413114133
424131114131211244122331131341211332342223144214122422123212443131211411143213231421241414131242424124333332224124131443233411414133111144312211144411414431431313224413234122
143111143144441211223212211331241141321231224322241432131223212423244222234323111113223334411124131131431344311343242433224443133124314213311134411341214241111311231341124133
143111143144142111412411233111231111412112113412244323242223232313312223313112124322322312431112243312332412113313242113122431222311431121241122311323333333111311331142412432
143111143144442212133121413113311114312113112443312312221232312132332422313143142414444441331412124312244121331243311211223313141111442341313112232141434411242313242413231243
124412232113132424231142222314421412243223322244312423341111311422421413311411321442412433331223322412344322343341412314114233321144441141443143132323412321413123411431433133
124434233311443133111344232212411314124411132412444411343314112431132414123141431233423444114124122412441122441341223213123311124243133411322111323142412212414444341324123314
424132244444122344134414114131334143324141312343114244132122423313331141113423423211324323314311423323311132313324341432324211421321221322232221131322443134313143313424134114
142442212124124211233121133132333144111241342124121433112314112241421221113321212114324324313223324122311231413243123344232334434142411312323244111114323313432242442414232132
214123111112131411121242232443132221411121132324122424111412421122132444124124242133421413132214321124222332313141314114314134141211324134144111243222324324324111431244114314
413412244231122442441122122441233142222222111121114343433424432332432324441112111414141433311111141313222213222432113231112111442431111111131111111142411332111331441133231111
443222211114313224324411124434132314432233422411244123222113421432441231432432231232232221412111434123114412431441444142411113223231111212422123131111222212412112212111412243
443222111111414324413224414424242311312443111223122214141112432421224421314111112212241214111122133124242411242111312124414114141412143121211143111244112124232211324232111241
443222211122431342344233314324123132442433124433414321433242223422233223231324132411412111421421244212331122112111111431421311133124224242432111424411111412314144142112212212
443221111141231422414413111234223114124121143141113144343141112112311311111113121411111414111311221414132121122113111411422114411113111412232124111411412114321421422131411411
443211111111244343112331214234214124444132134134323224321421412123221112224222124122224111124211322123111121122132234331314121112221111114131214143112123221112311233124124414
443222111112243413112423241222244112211232241243312224341311242111111144331113141123114113244223231122123111234414223134114112441222242241241241141422114213221322211323111143
443122211112323122313112441242132222223212143411113242423141232211111411142242442244113112221213211242141141242242131131413411241122412214113222111244111212222231213244244312
443122211111141141143242324131113244232232222211124422242131131224213132422243433122323223122322223122212121221221222141111124223313321121132412132321121424121322122221232112
443221111142141412341244342322313242134313112211232313111122132122323214411124111222212324123113111321121114244212314132124244124314411132131332124323112243313321311342444412
443222111222223141231322243232134114211244122231231123111322242232311142121324111421124214121311223322123222244423221223224312211321124412311411213221412231221132312231211231
443111111143331131343112434222122431122314223132442431124144421224444322222411342444112113224112223431412133213421212131244113311314213234212312411112431223321122231112311421
141242234342344241434414144111314122233222224414412112113221132241324341131422222214314441122133311242321111113314411113334421411133444224231121243211113434434212333434241133
331433333433422333421122131214432411114443144114444443233414143233444231113234444414113423233121233444142242244134344343321433144423332123323324132121343323134414434232414423
433332231332123244244314143222313344244113234241314124232134331333214431234244141231234134143232133441431423433244331232131234144133234423411112132433334341434341334444414123
311131231311142131311311434222241333134223212141341134242312232244144132231241224341244232314224143122313322221112112224311144434241334412422221114442331423323323141232311131
324344232444211312212111144211334143241343444333241343232334344424222331231224222414123241441441324413332221111312334423134333222431112212221111442411243231132414133123431123
141333443413324313432344323141332432232441343323442441412233342443442432442413133342442332433441323242312334211413322414313343443244323324411143421343141311213222241313343433
141423342434244124231344344143121241423112232243142442433441433221111141442231144141432132232231132423433313442224143133323123223314423244214324113232244314134132232224423314
444141342224142331113143211222321332123141444244231334341331141323112223311111231132131143143214143444244144143233424143144143224144331414134143243413144333234143312224144113
211134323142121111443344244131342124123322433211223211344414144314111412121244244134324244411122133444114332331324411321334213232133331342124123244432331214224344131244241322
212111221324434241122424333133141444241433313324232413224433332424213121121323444423234431333144314332243424424324233243241144434222322144223234423141344334343243414431213143
324224233244444144121224413134143144114323224142443423233133143221112243234443424233244314433233142433142233141313243331213324344434143123444231234443121234433224133434224113
344424443244224444324322333143214214333224411324134443132434233133244331331312344134443144312222244243243324444432224221221114433112244313231333334144141444412121223244313423
324332412432422214444443323323341411442442441242442332314232321312331242312312323212221323131111413242321344443332422122211123313314111311434321241243242143311134312414141432
434144313212244441414141122244141122432414324441333313241332233334413442443334342321342443442444144232322241431441442323241442431434332441411212224313332332441332443344442441
231431433432332414312332231432212111411143244244332442314334142231314134141241141211232244312332232411431211143331441234334431444332332232241211142214332342331311131141442411
113244231444431432441443124111344114311242342422413344323144413343231223332431213323414414423124212424124422314214142122444242441413214321211114144334441443322324342331413434
333441214133244124133242314244344124122212313431243424241241241332133213142322244312313212221122244443323432244331314344312132323114141333241344331322432442211412111444442133
414431223333431323231433233233344431323123412414222124232423111314133313433333123312213441313212121122411414424434334421341141121221114222441112114424422222241211224231121114
341313434211114424433233324333144433424233113312224122141144421431233234441142424442444324344224314433144434211114141333143242411414114333234141332333333123233323221332242423
214133334142143133231113224124333433232324431233224333133143144231114321241113113333231433432413243343144223414143144234431233133423141214444114442324222233131333231222414433
313334423332334444443141413144314443333334431432443333414414434333441424444334423443244432443341433344423244414423244442443414332432423231441444433244323343344424433324444211
321132222211341442421143123144221123211413142313321222233241333233241443131233433413423244433244433424322334211113414141221333223233244333133243431111141314333331233132433424
332133223142224243224244133232314142223144134122213324412432441344141222131243144312241141123344311213412323142222234122444324423241431144241232324122224141444411123444132144
442333444443141413111111414433142243233314323221141414143143224414211313341144243432343221332433433222321433444441141324241112222433144234242424414144431313141333344424441233
223431342332433333334243244431423144433244114232244344342244212221111133143412333241411343233144214142223314333244433111141333233331332331331334433243211133233232333432443144
334133441431233443144242233133424142443114443223223141444143244323224134424144441233144241144314434233224442444434233444343233134114334314134212131413442433243133122424333432
221131322144423143143224423144412144243111113324143234233234343141434311143443314223222143123223144144143334241123331442423122343434231233334343133333142333122113121434443131
432114431123412432441222324141113343424414132324144314413144442424433112123331433414234212221114433143413433334413321311114334413114431322314143331331334433233131413331433133
324144143223221443324324331323424422214314322411111244311334431432332322334442124432422422431411212411142412332114313133331331312122214433241411431444142222111132413142221441
241122113311241411433333313233241431113322114421224313141413333111114144121111411443414324433344323433143423423314134323444444243131332333143344333443423322434434433233333333
311144231444333114444422343422432144331332232314233143434222134211433141314314331122423142232144414444413313243333244212111424423324314321222324423431231414343314414233131311
432431312344333314313314132244132243432322324433443341434114241311332141343344434412122321331432113414344141422421224444334313342343334333333413232313322433342341341432334433
313141423232342243334321321333144333343343324222443332422432312212132121343324414322314331222212441323232311411331442413142313343314121322314114442433214331423313324142434144
112133243224224424134344134212414444114123234213223313134332323124113413424232442222231424443343144344344144324223324113413414343344413432142432431244432332334444211432234433
113231314222122223233111234323322431131124413134311444341124314111121423244114233133144314441442443124311112113241324332444311422332322224324314131331333142324432324133143114
431241431111331441431111414143143231414443443344133323142443314314143122431443143314441334222233144332134314114134321231341233141413343343343132432244441443141413241422221133
443442332241233243433444344134344231433334433144333243333344124443222133231342134132324133433333211223223242121144431444442444212221144123212124333223232133243133233111241414
432242112232423221321124441221124332441333231331414431242243241434143234234123334444214143123243133443243243413123244343424343323424144411121133144123133133333433133144133141
433344443143331441311322212314342443341433442314313343423431443323443344432432432444244144144431444323344444314134311434334232443313342232333344132341442321414133332444434434
434423141423421342414421114333123344444314443324433444432413343423343334434314412311441334333331442322422421414441313442214413443323434314343334431314112224324432141243314241
144324443443124331141234324141342314223333424134244433324433143324132413223324111232224211124112111314244424224342412414211142421131222112424441324441443344443412133224443123
114111434424131433244334434433131314414433113144144143241434124113324433122432324413232332313331443323434232212132122324331343331222212312121143324114333424143244332413414133
443443414443434133313433234133444423323131113131411232421413224432443323124423234231443314323134443223144322121241211112444342443141121421211413434144332444241441414233141431
414133332444323231441132334333144232243311224444241233242143433434422231431231314422122224332411432243244443421112333232343322422232314141431222314433442222431423432432431432
342432224321414314314233232433243443324333443232232134414133144332143313333243333414413331413423143141321141321323324424421323242423324222441322221243324323323123211411433133
242241313122322243431211431322211233323232313133314111321141432143331111332331313324233234323123222331312233232443322322233224233221324212111142331341111314324243323132323414
224323231243221211221211222241231232221232231411414133223232423313224414333222421213233213241241421142122131333222433331313333322233322132322332232321134313222323323222333314
244322224214432224333232224444231221412432433432132432432132132433221313244111424144143433313341333312123431131324212111442114212212211122221414131321231342421132241342431144
433144244343112321441221122313324212333222333233133343142113331431324434242413424424211142222433241133242442244431442131243311311332232114313334343224242222432221232433433123
344344332333333331241143444244343444423332433244313314442334433244414343133333313333343344433332442443234433434423323333342411344443434324443343443243333324413333214433242433
112243233313332311222234322433223223332242211332412143121433232144222332242144232422244422242244223134244243211322411222222442222321422333232211221312224243314123224214143114
242413234221122134322424213121222111233131311424433141424443111131123323424412423132114411324413424423324343123313443322413324421314233212311132233314423213424241111421113334
144444434141224444244123121443414111323111141324333334414232234214132341411322432143331332242332242443442423331411132442433413333442122111113331411413323133224331333141242423
433234113244322223141224233134423314443131114233233123222441422324333434123242433133232422134331323323424144444314324413142322222334423144444222443234222434323424132224241433
134341443241133233241123132431232223224144342221114114141121424433144433234424444233143424144232212222241111444121221211113144231224323441224244314334121431333214123214241123
233224414441311141323424423441123341443443433424411411441132342414431333312334314431334413134341413234334212434344414331223134442441131342433333341413334441413442442444444143
443143233242122211322243441314144331414334222432331232423143113433114323314144134333434134143323133242232332332422214144214112243313324424143442424344432433423232123141343422
343441321333332323322311443444311434434434434433314131414414144344144313131342133333322123232344344324334334331433434211413333441331411444444341311443423323333433331334334114
141122342322432321223133322132222322322433342232322232214212411233142124332433242112242243433321332322224432443443212243343323424222313443323142214213342242413343313344322443
343314134433433431323143414414433243434242233231133143331341134233343424112234413333344411121222141343344433441444443143143333434122344342243141344344341234134413333244133223
331114123333143233141443123143434343144344431434444234233331413143143113241343423134344434143333334233133232433144442443244434232433332334321334334324324231323233121434413433
224414414423243322311221334244323214332333342442441412241314322221223311342323241324441442412232321413221134441441113144144144144444131141431311114244223142441313331331313143
444334422413123124143114443331444414441331442444244242424333444441224411424243212114213342314323223231414412412324224414132413442222132411341433242411232243311211134222122433
133213124132143123114311132112223222414311414142233412213133124324424421412413322241423144424432132243231442223244431211122323324332433232432324421342244322324324324322424123
423344311443314141313332343324331223331433132331431131334313244141443323244324223143234341441111441312342344144331443141143141143133331141114241143144332221133333231222113133
312313144331231344231332231241423142432234334423432424444331123113341334333122232331231434243334332331411231211121444324144331423114131431321312333143214333423421414131413114
123212323443234331444423344431323111442323344323323144414324432421232122332444334433111414331414333431431341331423244414121411443312342232422214333433422444433233344232211121
444341443422424431311131111314434411433323423144334341414412443123414412443323343112423142422241443313114443322412413413444443441312212221141334441443333113443444321113141134
132441143433443344314313333442314114331442443443414411414314244313143322243111344322232214413322333312223431421114141433444232244432322121212143433433423332423242214123123133
412442442322422413311442414334333213132143324324414311314322423122324411443421434212424244131443323312442412412321131413144413443443432121212114143331141333443232322213243411
233123244431322324134322423221423122121433231433123213324124213423243222113114222424113134324324134412214124444121222111144443143112323443242224213223223232432342211133112143
332422332431311334144214124441322322322331242242312331444334444413334433242332242331222242324311311114242413231331131334313333332242133212211141441243243321411123442433414131
131211322311422311332322331242313241413331422311133314141313231433332331331424131122311342313121243322213211332334323133311314424424111121211313144241313314332321231431313123
311312241111113314412322313334241412441231443232441244242132413131311431144324332331224232344313341222321443143123323222112144213114444442434424224424142313132222422431413111
142424233333233122331333132412112134333413112111422412412122411223313133243224242224241222212223121223312414141413323431212224314114442313241113123221232211113142213133241121
413122431422232233332233232232411131234113412414241222343331242113114113244412411333244443113141324344441441444444314241211423124131122221412414421411122224312122223141333133
314124243331143324412422413233122123333344131331412422221313414412323221112223211323334221224111331343324322313433234222132112441121221121112123223324234432323222411424422433
212431241433131443122432112421332312141313133211122214313423331113312413123131414414432442433224432221114444141242214131442113231321113122431332243344331332224321232224324114
433144113143333323244432423144142444244321442444144234314234133334124424223142141243133131233333132234441214242223144211143231244144111412222112442344431222332324221321321433
433231222121112433224312122224214412323141421123233131323334432421112233224224144134224314214231414133141414333143243222224122231441422143323141114232233114331233222221443323
434232422242421424144242242423324212442122321322211111443344324131244122132442322221241433122443124443444131123431121211113332413312313124444312214434132324312314312343221142
124144134144124422344144124444112222314133244123242324131434133124114444124144424444444324224414444431441423243132333242122313241434234232112111412423212241232322221424241123
122131243132433334344411121342332133314411333411131424222333141143242111112141134333244113243333132424311243143222214331243312432321211123132233321232314421443324313133221442
321244244114444324334344144424124134414124134414124114414424124414124144424144114443144142412421132242214414134333231123421221111433424212233333431321114112111233331421413123
442312314334324343111344132311342442323322322212323312332411434114314323343332313444331232334241422422113313332441413232221344223122323142441141332422244243311322111314121343
331141143123244223241332323143123332323333244333141131431333411141424333143141142233244431131133132224233234321131132222243424141144443234424141214122441443242141444423123132
134231234213424311241414124432342221113111244421113133243323414114132334444224344144224434214124423242333244134214434213222333243144123231111142444133414433443424444241131441
131314442223131144322211224412211224232342211223241421212413441441432324142211413141421311421121422232331141121312313242333114431424134443211421213231412142311341231222123132
442341331321111144211431111332422211134113222431312214224111213211122211412314221223341414241421244422224242111222122432111122231221143142411421114411224244411223212241324241
424114411422132231313231423314423111442111231443431332244313313324131312242131331431331431332413141134324131411423141143413224123433233112224432121112232414143333413113241141
122413422134413113334131344132411314414312422141312421221244323344114121411112124322131233331244214421141222321211321324433132411114241124314214434431133334312331113223113311
224332323231131111143313341312211414141414212243243221422113243144333212221444221334333144123243113143122332421231233144431334424413224424144122414224133231231221414133141323
414234224411413444114411433341341324143142331333314434241223244234333442441231143124411433423121114414324143241323243244244332343421331324244331443442143244413424314333133133
124144441114111331131122111412122113221411321312142221421221331311112221323242442411411322424414414414414414414314411414314412114242332213344424424131412243114212242414114231
344144332322211112133243141421411221311422221142223313121113223312214121311124411123311212221221211324131314122441112422222221431143244143143142214133222424133314114131421311
413211212122123114124314124143242443121111313124413144214134344124433242132221214131244211143111113132122124243122221331144114314211112124413111114441242443114241441324411324
143144114143144121142423322133444244241314122431142122424141142312242421242124244214331344144144431221411132224113113143242424411133244121224242423314332424311143113433143411
131231311144411114222121311132424111221332111443131142142431221441113322412231222211433112112432433112442333324212122123321133322131214421211424212421321212124224211121432213
231324312334324421113121121321311321221223313112121233331321313322221223322324244214214122332224221322321321312222122213123324413242323431113431113422343121242222112122224314
124141441311114431132122441412421114221411322143332221424321332431113221221242412411221421133414414414414314314413414311432221143332212141122424131412242444314242313111133221
314114333312211112122213121431411223114112131112223311121112243422214124311124411123311211211311221324124314122441112322222221421113242441143112214133244434123314134131432314
143143144134143114322211433322121411224241314122424443142423131111332214312213124213214321344134444311211442324244113113243242424414133244112244242424311432431211414333143433
121214132444114411121113122232124243442224314124144311313112224124314311124112443114213411324111424111211212321122324221331431333333313441434133341443321324412322324331231332
213242411422133111444213131422223122244111332441123332421133131312433142112432433212224211121431231312324332322424122224242133224212122121322322224213243222432131322421211231
323412242213221313323144314223324324223144233323322244223424233241313223323314431314333213111232213232314124214444423224213322222324243322324213123324221223324431324242223314
321414214431313123242331443131243131224224341224323314132142233241444131412422424444443224441111333332211332131224332412144423434432442341423331313132121121331421413222312431
142222211111322344322442213133431412244221313321313114432241422422212112142342222232343141112444111441341344211411411411444433444323323344124422422133133444434343244322144114
142121223243424321123422311342214233424414241432232422114224221131342224112112223213241114442141411114414222243223231244311311414414311431142323444231341333444434231121244241
441112223311211132324424211443221414241244234144243332122214442414414332344244314333313311123323212244121441131432421324443142213143142342124421131312434434223341112133124332
411122233112111323244242114432214142412442341442433321222144424144143323442443143333133111233232122441214411314324213244431422131431423421244211313124344342233411121331243324
441433441341222343311111242231322323113111121131111221321113113334333333222322123224311421243414311221321244124114143114112122223221323211142324214111414323111212241141244222
142122232232434241413312243413142234213344241422224132211343142414111142222341441114134141143411223232411244321411113314411413334414411133444234231121243211143421344344331134
141112231332424241122231321133422221424414141132222422211313142324112142222221431144412223331242321111113314411142334324311143441324231121243211113433244321434242333332311444
141242231332424241132113314131412341142214424122131211313142424113114222222411314311241331111113314411443334421411123444334231121243211143434424342333434343224423311241231143
431131421222111113243232422424324324222114144431443133443142332344142241112233123113143222423244241144323334332333331323144332224421143222231141434232424334233122433443424412
331133424442342424413433431212221414142111233343133333324431113233442332321424144412133344241422442441442111141333113132243321333144341433431222231433243133223121233134334431
443211312233233123212211134223121223111211121241342333241442323142341324441113421323334423243322341443133441341341132334222242333132413432443144332334411132422242341121414433
213211222241114434444223243314431214232222222424434433322424211133242322231413322422441312333421311231141242233242124224222431423244344222432223414413212211433222323243112342
421324131223144211412112321112122323212113121122421124242222124222121432131112422221243111121312222124144234412132212211114312242322114213122111144131224212113342432132213143
141332141231113242314222242142433224332244413433341324341443243332122111431334241342434344132432231432313323131432432441422324224344411424223323324144321222343334332424244114
443441223443343131444244243344222233313311344334341343434443324213123141342313143442121224443444331444444214413242434412232444343322231424414322144334243442343432442414114423
111332324132311234321413123142334411134444414241314244122341442212242224124211122214411131344333433232411431331312131413243142212311333213234224313131413131112213342334314123
314332431433243412312132324424224414143114424413134421144314423324343114123424143134413433421223233414434344431344333241224132434442423434322244444332243314333313333432423433
244123424142241414224411414134344444244424244143144431442413313232431113344323432434414231112122241123112242224323343233321242434334234242322444434242422333323333424411333113
131313433331141313413443431312144414344143111311224122311121222413233431434143344222431414244231332433324323313133313333343423232233113232311323134123314441113313342331424433
442322232322211444232331111343314442444411113313323132141312212234441432113343131132111114131334332141332443331333323131413423131322421343224143244233344433223431333312331334
244243332332333344411332442433323323333444113324424333233233334441133244243332332333344411332442433323323333444113324424333233233334441133244243332332333233231323311233311243
244412434124222334223213144344314244113141233211312324222344132224123243431223244131432122114322424122224222144434411111211122223322242222233131234424332231312121311433443133
331244424324424242424244443142422323134133312321332311324113131344131134432143421323234344333143423423412444141133241314143133324111323314432321314421443313121343234331323212
142423243412323312332424433124443442132431433243213242424211334322112242324141432333332242442313213444212243121124241121213243313343323312112222132224422423141331412223334144
231143213222324122442433331443144132433121111132411411443424232432224314112221333333132424323334422432443133442231424423341332423423242432333334244134134334142433232344444233
324433311134414412332144244424243122212214134224424242241144134412314434444144144442444441413221324314313214422144224111433444421111443424432111311313321213213224221224214433
131244321312421132424412233134111434111131113232431414311332424332434211212224444122323142223223321323333141411123111433321133311423241321314144424233334444434444313332321443
232242124332312222232124424332221242424431114222211311443423232242213244112432431222112243144214421431322233131221211142244122221222222113112413131111131211321233232122222214
133421432123224212113222221413122333424132222333134333214241323141343441113143433214111422233232243432124244413113214142331133244311431424414311413433141314334123234111111121
211443143314331443133121314322321341324311141141414324431342444432322331412311131344133244144442324213133133224331342143412214443341334331341441133312431123424132423341431312
422222311411342442123222213124222414133213121111424132314142234412134434224332412224414341333341333434133334333223142414132234211323334323444313313344321424212433434221431433
114432441333233232321422412123322331314442224322444442443212442233124443424122144111342234432422234232433322124222312211114212121141431313242424422442442422213321213332343243
342343323331422113344322421314241424432421431221331421442142312441122421214133113414444413333442243324413434243332442134423132242243144442211243312422221224244422323232314412
312444222444342313342444113242414211242421221342134424222212111322224444144422212141141433241421213124214423233414313243414224144442423232334443131444322313111322331441232123
441222222444424224433223421121111433314412332441422213144214434234214113314313213123134213424222241133414224143242221334343324133211312343342223431222131341441313134144441422
343112122224442212131211422131222443113432442322212342343422244441441111434344341333324423433244432231121122212113214432444122214442112431333322243431231234224244343314113242
111223114124434434333121111244331111122121122222341423432313442333133214344342413324414424133334243133344343232411222223243431243434132332312321312112221243131211114412214343
222331444111433244124214411112141313131242443423342411213422141312324231144344412143413142144434413443444234414132113244431323243231332333322233322222314132233133331432431414
221443311322123334312421143244344221431213433132121112111314424141331411231442114312121144113234434221312324131411314111333311121433222134422223222141324224341132244313323314
113122112411142221221124223123342122424212124211222442223312122244214414212441422223221244122122114442314322411441241242211241312111444434244322331111124442443211332423311112
443432244241313122243333133423433243334411331432244241242432423244323231442431322212431114314224144343122141212121111322444213131333224424324243434243212424333244241334233131
223423142333324414133221124431111432121412433143223121344413343323413321224111132413141442424433143121224143334434212221114433143311223334423443123311433423131331333141331433
233322113144213131222141334111224213123224314141133114244121111343143232244434244112421222111223221222243111114343313124143323321143333444323143443234423231313134212222334143
222331212414433114243122443212222144443442413313431321214243434424244314111122313133421212111311441114444132324343432211434331143312212131313444222222422423224433112342423233
112141333142423314333132232423232442144242234122422122441144442232424132444141211233423133241233441234141214143232243233143224444314413131131232131113332334134213144333242433
122131234323132344333323344421334144342441321231343333243241212221141123141111313211141314212132324112313334444342223331343344243131331334114411112242434332223231324321414111
131413222333422142442223323233231444144234233121233424324422424414424322412234234233414323333114233313324332333321423131414433222232334334343333133414233432331111334332232433
242331144441444223244443344321322141113343312141234443144424414213224144143344344214424433144244433344221332432322224342432432441143324323144412223221133234433234422441342133
432414111122131122212342143341343441211422331341341342124344332424413341112321314431412332423311233443212211133314443312311324433143122141414331423211143142211231332141441413
223122234223423433133134442312344223433432321114331311122423342313433122343111321443324313244343313341134433434233113414314131334331433412333343421342243423342334324423211432
224421212134333142143432234111344131324332232324434233224334143112143241114323224114142334234431433413233221123243422144144224433233424434144213444111442342243233114423433233
243123123221231141332232114423143232433243144243414224424433141314314112122233143242412233311423432241211313424423243441323423423144414434323442443142142144444333234143432433
331343234334331433131414221243224134142131242311131143141313134333314213131244433142123231224114144244343341241141413212211143234411131144244242122143211333223214342244321423
422414342333141241312313314412434342312422323321232231414232314223212122211232244333314132431342421243321323443141413222443443323324224421223333134321134122241143444444444442
133444122211113343331324122222221343211414224442432244444422224312243232422421113212121211422111331111223431444141311442413442442414113231422414142314141121314243211231444214
443244133234443123134224411133114144114324223144441422232123113221112242331442424223234321144233144431142242134333224134213321324423133233444231333234413134143414323111431113
221121111223433234232134214143144221114423242333341124323243141313441114131311114144443231211434432113142111441414414434113142434244323224223224441121111444443424242433412342
241131122222314231133332214441431142442343444442314443132341344332344232343241323232124231311113141114132324332432412441332442444313441424322243414442424334332141313344243411
344241424232233342132444441443331144344421343332442324214312421232431342212342323312321223413111113442421311314212432122211124313111411211111421341324312243311434442434413111
132442214141222211113143334124243111141314231434441423224244312434241234231313334312244114332443224242213324444422224321221114433432121444342341144144123244242231223414433432
133411324212414222122324243133134331121111444243433123342433422224441314242343424112423444431323142233313323232334434232224434423233243144224434431144343233324241344324143143
111121431211224344423144441333134244424411233213242241424411114441333142121211314431124223141333111442423311321344434132123211231233312342124131213344341231231331241231144141
241143434114334143234441323244213431144344433141442224144343241111444113442311222243433143343434133233313444234334131224134333244234134334234344133231114114144244334243433214
431114333144341223331243413144143133143244342223141143142432122212121114331133111144314142342214341132432334121143211132433331242211142323234221411143213214143414132222231133
231441233242311324213312344244341243222141333431342441412233213432432112342113333342321322233334144343111431234232432231331143243311322224423114114243411441313322233121212311
133412413121133443343342223223432342243312241423112414234132133232443223243334444343421222111142311334341214431424431231412244323233343343143433433244341114221111141334141113
331441441312414111134423432322241143434312422232344232222211322234331443443432434434441414331123241243313243321234344224132222111213434333344431411433141442142341323122413231
224423312231342124241234344133243223141244143231221423132332234212332331432243144131234344332122212123141321431413232224242121211334134244413141112132423214221313313332234141
223333432332431423333422122134212433411113443141114444332234232233142441234113232144231213314333123233444443414421424121222413113324231123242233132134323324132224431233412423
413234212423323314234413114134244234214321314224433112431223224213144244121112143242324111111131333444222343144324314242141423241332324131211411213224332243144123231114144414
214124122434142213142224244433314114143322433221233114413142344214244144143222223342333344434233311433241314244421111113411111234312333243232324133244122242142242421333421134
443341313234341244332344223314443242112313222113321433113413212224132343313344342414132424413244443324224414314211144311211323424243222421112223343333214344231133334213114433
121324214422221134341331324314121432321223131134211131211221211211434244411144331241133441314422324221434411423141323444321111431431433441414343134314423111144411112114223113
342444111214133231333334242343411114423112223142112242332312214234441323434312434241133323132121211113141212213441144444323332444414313341133144311313114442411133344122243333
332243441421144224132222211144441342423122433133314321324422232444344443221124142343344214324332442122214244144121143242143244423321244444224442444414133321434213124241324113
312144133314321314322123323313211121331443143213344341323122114333343331411133142143244424431124131342333322211111423113322132334311444421423242242414112132423314431433131111
313313232122214423132444123421412242223421243423122212114414313131324421414224443322314223423341414433413411432223313131441334334114322322133321144141414244342423121422222131
212222211314222442431114244142211332131412232132211112143231222232313411232442241224241321222424111311211241221114444424421222332334224234132121133244342421113424211333243311
124243314314331434234331134413434331323331331242241143224422424334234233444141133124331413222424244211411441122422123344314311212211144413341142211233322112332324441221121133
242222223114222424413414424423312431214132443124241221323431311434324134111432124442222311211142122211143244421211144144412224443222242242414312313311313421312321343421332413
222423142324142324432231222432323413423122321112224322422234113131212233133324442141444431414234413243122431414242121211414434113434411342244121413443224414332344344224223121
411343232421412412434131332423414224433421133314314241332142123414433131112111433144433133424413432423122124113113343341443233114334232123311342233434223433232212121313232431
441443131122221444221333244444341421232444112111111442342441421314111141144134324134224444333334211441342344341234232344343242343313234213111111211333221324231434332343443442
334234243311442234132441311342313331413131323344444441443331112321232322433433143432324413143322331414442313341443432242114342442243343423311111442221213343113134233144242133
433143114242113112112422333134433312222234222424421331424441324433142211233313212121133244324331442233311112143334344312134432313223333331312233333334243131121211411331114413
343244222224132133314431122324344321443331321121242314331332143342412121214141433242343323232121232412443344244323333443121432424322133132441312243443434143214232442243444131
424113112244212111133144131222423111441432132222144241421432332311122243421134423424442222222312143114114444443132121144323142344413242433231114134113433412344222324242344133
231343323144432313344442221144113341113334314413231311344443242133211312224141312324343332244242244244121111112124432441212221114133242134333223242133133133243112241431133131
433143432441411313412231214241411131312424232112131443112432222241333424132411442211143243144114312422424422243421421412213223242241442444421124323441443141331223241314423113
222334314333413113344324444444444443442422414324312121224142222422422141244313141423213424331424444224444233143214224244341411142343331344111144242222424234244322224332111114
332224443343244144134332324144134324332324231331432433333314344343311321144131431311141443323131141443432314132341433142331444123424441144243331111331312221133333241222413133
414131122324122131331342424241324134122242411442211332423312423431313223313323333211114223212221144314232123423233141131333142424343431432223324241222323242434232134433431123
321423241344323223142433244314123314442313343323132324441241113114124444342442213334413321111133344144144142332434344314133334142433244232423142144214423232431143344424144331
134143242121211123443224222224444344222421343244431314223332224122323123344243133111423241134241144431342332243324213244242224341132224144334342424433332441324242223242114423
231231232233231332433332414231324334422444421141132414444431114231231123231434211114222234242322234222231444413231233233241312222343314334334443444334433233222332441112331433
134333422332411313334144214124421322322321242242312334444334441413334433242332242331222242324311341114242413231331131334313333332243133212211141444243243321411123442432414131
411424242333332331223313331324121213433341311211142241241212241122331313321323424222424122221222312122331241414141332343121222431414442313241113122221232211113142213133241111
444131224314222322333322332322324111312341124124142412223113313421131141132444124113332344431421231413243444414444314241211423124131122221412414421413122224312122223141333133
414434434341214434231141411111322113214412222443343142442114241144144423244141214434413144411332144311334443114411413133214441244114133233232141311141331424343421324211141411
144144242131143334421334244311233333133342233144234444133114243224231413433123413334431433224143323442441114433342133244242243241331333341334344211114234134421234324332444233
341334344211114234134421234324332444233124322323133231143324313313332344313314124142332444143244111114324123123323221143243421223443443443441134142324311112111113333313314332
111113244323322332324313324433244433131333114243242441324433341444433324313424433324143133232314342143324332142333214133332143314323311444414431332331143144331443213323444442
444123441413333313331444133133413331331134441442114324433143412343232424232343223242423211323342113232413242333232414243434312222442223142224223344432412343232424143413424241
234431414412312242422324123331334334342321414144343432324331232413232223232243323213432132341232343343342223244222322222422224222324121143323242423441422232323223411123223411
244222233211433323344214141143311411242332411442133334342434441232412314414133112241324243222131334231322244222111113242313143223233111331142442322442222331122221221132443112
321414244131314322441213141313322214212213244424223314132142233241442133114224241444432124441111333322241233131324332412144423434432442341423331213132121121331422413222312431
334411224334441141324442332223224412111333132321243334433122244434243333343114132432143341421434224442243411144332242442132433241214442432243414243333444144232342141334243133
334411234324444241334442332223224414311333432311213331411122244434243333343414123132143341421424224442343411144332242442132433241214442432243414243333444144232342141334243113
411224331441341334442332223312244123111333432311243324414122244434243333343114132432143341421434224442243411144332242442132433241214442432243414243333444144232342141334243113
211144224134441234334332441223134312343134331144314333311111333324413314111323331111332441143233433422344141133323221141211413232333424232413243211233133224233324213211333111
233331112334214431443323333243312324112324112132443343443233224422122423214232424224232442324242341312242142312322242421242424242114242432442424413434244131441314413413131433
414214312441323411231411414324414323432244213443134214312243222433211141331144444212443212144244444332121432242331424324422413141323424321343423244223414212114214324311323132
231443114243132122313132343434144322333322342341242244142423443232332432143143344124324444131142313332313342213442113143443113132332222224331321243321312442233344224431143241
322334433332411242443211233211333343143212243131311233142424224121423421124443113242444124411331132132224442423342422233242222322211121322432212442413111214242121324222413133
244124211244144123112332211412123243121421413214212422221112233321131112213313241124134124432333224212124111211341124121312444332422222221411112224321333142211133244232214114
314112131124321113114321233123233143221242211112333224111112311112224311114143312442312211324124311424314143224211121323323321444132432231111114414412221314211324242132224121
223323311222142224314323142324414124412141214213313331241111314334312432242143122231111213243241114113234122232111223142413222433111444213113321343122244221332241223122421132
444112231222241441222332114111411232143241242442124334124321241124212423122432241222133241111122141224212322214444241424222331232242414111313224414444113424314111224224214111
214222312123324111244211124211131111224111233324311321312214243332324113314131221413214122442222323314122124122243133322322213223421413413431113431113431121242222412422224314
121422443113112313323243141111212121133443142442132431412212212222224334114212431412441441223221232133111134432141241322324223412222211212223232222241242431232233224312122224
333144144144144143414113322233111214121331422434332232424114314424211444212224223214322313314334411223431343223143143222213224314141222331211422433324442422331441131132223413
123241441444413213222134214222111111342321143242212442413314144324431332223132222111122131321324132131122411424121134422221314432223111321422131311431324222233241313131313222
222332422221332212224432432212442413112224121224221331212143242244122443312334412222241114141333111132223223232132231412231142434114222233222231212122132213211222411421331114
321322244424233424222322422222312132444234322124422131132112242242112312244314243434324133134341221224121222331222422441213233112142423113231212131311322221331324123114121111
311223244412441133413213222444242334242223324222313221332244324322124424131122421214224231231212143212244122443312334412122122322424222122242421122241212112221411333242121141
434211423244413441133413213222444242334242223324222213221322244324322124424131123214242242213312121432122441224433123344242222411224242422212132112232222131212313141311331112
131322123121141442422142233211441211231121313112122331341311224434333113424444323411212114234441212221211111212211222211233321444133223424313243441144212112232132433221121411
323113113343142314144323424434143142313411312324424344443424113114414411414441133111133411133113412334324424111131314131412324241121314241314321312334332341232324322314423111
113314441342224433243243143223322212131144142144211322322123211213243331444412122344323143442114332332122321243111133212222412144112144142212132432212243332232222211412112123
213314141342224433243143143214143232231144312144211342222423211213243331444112122244113213142114312222423221243111433212332412144112144242212132222412243322222122211412242123
313221231211414424411223222114412112311212131111223313413112244343331134244443234112121142344423221221111114132212221442322131122123332144413322313431324344114411211431323111
113343113314144323424434123142313411312324424324443434433113114411414441123111133411123113433444324124311131121323441124244121324241314311331311322332332331344321422314423111
342423412333444433242421121211232333111342444144424231421224444233424114432342333242342332222142241132412321114133313314211141442242224222333122424121423122424212212234222321
241214222412241212114143414142443323313344231121333341442424241312231233143213244122141341124341143241441112142314442244411332222423121332221442332322221233233222121444113323
444214244323434333421423244141143123433144422414234344314113334422343441344334344341434441322442313333433412221114133313143314334132232331422134441434143333322222232222243314
444434324334434434144142332132234131244444344133243122443143341433343434332244144334332134423314144132244124144114144114144144144124313334324344442132413433233424124242222214
443324424244413413414413234433413412143143424224413224443444143442444423113334223434312324314333111324444341344124222241112431111211113231331144331214342434223232233224221414
231424111134243324323231314123134441343213343243431431421233434414233143414241334231324134333423433431332423332134232131144333244431214234343343434243222331423431332232111111
314413234314134143443343343343343343443312323214312413314133314434344111342421324442434341323342313444342434342433342434313334233233234233324123211243224242332333334311434134
322411134333314411321413431432434322142312424211121114224213112111142321242413431243114424244222124132312444344443221423321212114244311313324443132244431314133223144414223324
314334334434333143314311134334334334313343313334334334232443333343334342434334342413313434334444334323432342232433313342434321331333314312332221122342424324241213242243141414
312434314434332414244344322232433343432312333312112343343443312344313412333444312143223342243432431443423431434334224124243411211114332322214132324131313324423324212122222141
243433434233334333433433144333141132443141431342243131421234214433244414241111423241143433433412432122411141414411141441313211144414143221132242124243322133433141411343434114
411441221211141441122241111212222243241324323244332432141223232411232244331331423332222331441114442132331314332241222223314333144434313213143344442243222242442222232442241311
323443331343432341312413322341442441333312441241433313332332321232232322341142222341342442314142431331433431334344342312341443342321332434313433322323343344311343313313321143
234423233233244332434232243234243233242231233242444442232141341433443232234114333144233243234122224442243234244424422114233233233243233243221343443243233233123223333214411131
414333133343241213222344343224424443141441442441443414444323323233243233443441214343433413334244333344443441424433232343233124113344343134233241324334334433122422233214444114
133112343443343143134344123231344332434231231333144434341233234333112243134331233111112333433114142223223241111144421414444232133244133333141344434144243231131344423233333143
111113344232324343234323133343142243224213313111113411412314324314343132323411413433414432324223313114213243434323132322111413211343434333133344111111443444112213323123433133
224314143143232234414332343234441443123441133323314223424414414222424333234423213223113333223234441234331443323213334413414223121334113223413431424141411434424413443213413241
224142223334144143133331134423324313134414243441231334214144431331334142323133244231442232231333143113332233244234143444133444434331331332131334232132431232423341333341142243
332233223241213212311133234222344144241432114432233333223241441444442214333121341142442344421222412222144442442332444244424312143442432143231432433224324442141112311112322212
424433333213311441111312442244422223222443222242412312443324322212423144232432442144143232142424422332411134311433314421244111241441411441111122432121112232222232222313143133
112233323143213242443112342442444142412243444322242113232412312242322312124321312324324334311434233314423121311231212442141333132132314322323221324111323142313232312223141133
324422423242444123222122322424422322324213222423243243111433141414111232144144333123213144331424122444411332314331323311424412441443221144112322323223232222131421244241231433
333313321332332322243332432313324313324342324314312242324342442312313322332431432312341324424324343434321211221232331331314233341121314441341411342143314112322114432312324133
234432441132324224144312231312131313214111431422313214332331343313343331313343323333431411123142233313241223142132214114143333323333443333322331324221432132223131211334434434
244423143314222414241314413333144444411422224411233123441441413111444444142414411444412122324122334343421433121444421413444422411423123223313334414332322241312324141444114131
111112313221322411123241114212423232442421422422314314313323422133323323331432324421223314233334434443443411322332331313322411144412423111223324423313112222312242322333232314
222221222312314124314144113223233141123223414112441242132231422441241324143443143143411144134433431441444421232432422311444333122232432443141142134131144213431141411233132131
242412232212432441242134342141433132432341143313442341431332241111214142444222241332443242324222331331431314344144441134324231332434241322431322212342332234141334222441121111
243314233313432214333244323241122423143242142443331441322114241322222431432413122414434341432314443441444314113322122411232242242222411313432431442442441431431441232422232122
411413144113221324243243222221123131444133412222242124233431144433133314244421333242243244141414241222223322314211111214331332214222142431243222324222223141323231232321321133
222343411111131333144434242424222222244344442222214133222442312213423142421144243322211121444143244422142444214231423432432422443432242132432424323232423213244211434443241432
412424133414414324141331413313324424124433242133444133414223143233142444414413131412214144214423414241421424443424432114424132121114434442423221341444232222243222232431413123
434414331432334142113411243242223243332334214414331212133434414431311134411332331444234332434331231343232342134144414414414144114131331334313433231232321131144114141134313432
222341224344242222222343411222334342334242311142334424222124231314123143241233431444212221113314234142334231141443313232241424331434142141412223232414323343233314141334141111
334323331434123331434211434313443414123434143414443413314323444223333341411222312413314312411444413414324322433411441333312331442421442223213123421442413111414334323342434144
343442421333344223414132242132341433443344143343443211342442122443132333423234133314332131111123314412134411234142342222432442223341124431444114241423321222222222222433432314
144424141122132234131244414324132243142443143321423431444323241434334341344314412424143223322131214114144344124114434144144114144434142132244114132412443131133342422222243214
122344334124121431434243244132244424441414411444431133342224323122243433323432244424421242242111111111211111111113231331144331244341341434213422342232232221221232424232142121
111342233243232313141231344413332433422434314314212334444142331134242413342213241343314134334313324233321342421311443132444312142343133434342332223114334313222321111111111111
144311431433432423431434434132122433413124433311234341141443112421213244424342413432433133442311342421333424343133342333332343132214114121324143142323341242242423331434434144
112114242233121233424222132211442413423112122242424131424311242112111112124221132422313244222221224322222444344441323144212121142141143141332424244221432312144143244322231233
431141313324311123431423423433421413431311431113341323334434333244243443114242133431124421424344113322241313243343424343422133123341421231231322112311242243343243323322431412
222133143322112233112212343243243112244343412133144312143223342443442231443323431134131224131224411111113421211121111111111111213112441323241313233244233242413212422223221414
323241131431234244423214434243111424211113433423432432222112211121244142143432211322433212324242121242423122131343342313143143141441111114411414423424342341343241422132223114
131441321211331141122241111422422442141224333144132222241143232211222444331231442231322211141111142222123142222141322223113333144214113243243243242443222232213222212122141211
243423413323322123223214442141442442443144132444344244112432211432324323322223323423432414413414124241244313234244341242241314311244324142223312423242242223232433214414113131
133112313143323311144334113222344332434231231333144444311223244333112243114331233111112333433114112223213241111144421144444232133224133333141334434144113231131311442233323144
133412323243422343231331411422422242123131141434114123113223143431323234144134334144323232231131142132434343241323221114142144314341334343221223111111443444112213123123323413
222441114223423223431133334323444344112344413342231122242441441422213233323242321322311333322323344123233244431221333441341422312133411322341343412214341423142441344321341224
211213213222311113344144241432331144232233213141111333224442441143444332242142432144112232243444244432242412212232224321332121313133224322313222322142442422424421224422211111
122323212443323321431144131131234211342232331224322122432242434322433223221324322213242434212431213133243224211331323431231111134331121131114111111243322113323222324222131413
133341341111111312333141223112412243112242243143442443142442412443132112112112124312432222121243224234321311111422231233211111131141232332132114432211312221122232222212131433
322311311231431221234324314241311224411212321223224222221331211332132134332432432121411114131113121114424123312213221412224121222112224223222222222221222131421244241131331123
133333212224122224432441124323331124313124123123313114133314144113131223333213111131243113123311214343211214122134111424113313113333313213233324321221422132231133211334434414
231411341221412434124414222241221311324114331431223222241331132211414242442242132241132123131344113134321143443144121411443411411414242422324331444334342222432121311112134141
414411322234424324224222112312412413144222213414442341432441413332424432242322424124411141324122212331232422342314432132124121241343224222222222221222224314132112231111321131
242132222333244241343142223444424242422444222443444122222213132221323331221342314222144432242421212121212242441414422441414231322214143224243222424243334324213222423244211433
242141242413241141232314133441231222442212243334313244143141422344123314244141141113241321144241421224441111322244442444122223141244131412241421111122242222223242322431432423
431311144414332331424444122431231334334234332432432432431231343232342134114414414413332334412131331334323343321431341323433231221213214131314121121114114113411342134323423433
412213342422222213324112223343421334242311142322324222221342144242314324123432144421222121332314442224242311414433132322414243314341411414222232332324343344314222112112111111
224224331234123331322414222112443214123424443312422413414134323223233241414222312413314312411144113214224222433111441233312331442421142223313123421442314411414232223242434144
343314442243422434421243333442244143321143434432342123443344222334341311434144422244314333342212223311413333433143341322323314222134441434143332222222222222222422222423433314
442443222224331432322121333123123433431434123444434121331443121432231424434422314433234314343313211312244111111322121112111111214112441323241343233244233242413212422222421414
423413323323323123123414442141442442442143444132444244244442442211432323323323423432432444443414424241244243224314341242244314241244324142223312423242242223232433214414113131
331411422422242123131141434114133113223143431323234144134334144323232231131142132434343241323221114142143332243334343231222241111344344411231342313332244313324233222433322423
223313143343233311213112233211123113112244312312213243342442142444122112412212122222424212112421321343324324321214111131241131111144241243122132111222241212221122222212141122
112232212132123242212232221222212122324334231112133311242231214111223211114134233312321223233212412214234233331212443232411241112321141232222222222232322131421244241131231123
424412211313122211413221111333342224413222424241133342314444111241113314412221211124442422424143243222312322312114442131334442241144114243221433414323432244331232444412111411
132241112314311213142322242311113222321331431431332313332322333113232442132321113423441444244312132223233131322241114441242311122221222332322322243331311232231222322212333314
233243241343142223444424242422444322443442122222222231322213233312213423142221444322424212121224244141442244141424222221414322322214143224243222424343334324213222433244211433
132411413224141333412312224424322433243132441434414223442232142442411411132413211142414214244443114124244124444132223144224421144244431412244421112222422112223242322431432433
324334331434123331322414222212443414423121443412422413414334324423233141414222312413314312411444412214324322433111441333312331442421442223313123421442414111414332223242434144
332323413331441322322222411212331344323412331414442444431241333321431214341432131434441132421432144332214342433224412132433241214443413443321423424234422321214421431312131112
421323111313244244314432114412433322314421333341442113134341313224441232414114444132414432232221111434323442221111143223213433241131442413344144334431332223232131123132412132
132244222324414131443211441243332231442133334144211313414131323444123241411444413344414223212311132433344222111114322321243324112144241334414433443133222233212221113322412222
443222222224111142322424221433124432132222111412431243222312212342141221132432221112344141221243113122442431112232122243124331422332412434111122114444244242221411242242311121
443122211243222231424422412432311412441423213431131412443342323112212211323223222241143243142242143243113323143232241411212444112141121241221231441212121223214142111411211122
443222211143423231423433422241433224344242143312443241432143224322224321233231222441411241214321211122212233222211211222143212211143212432413143211142141311111441312441211422
443222111141414112223342224432143442214323322221124212442122411212133131422321133222324121234122122321321112213121322111231221132141121124413222121122212141222322222121122424
443222211114223242233414141434342434411141244111143221334133231122121312241424211231323211241131121312243131311213224144123314411244342122223322121214312324232211314222242224
443222211143432131424124232323142122413424134142322332232122332231132121212114112411234232231131134231132322232441111232122442144142411314213122231331412431411431223112111213
443212211144323112443421234111134244143434234241413411232111131141241134112431141111141141214311411312211211241314233211123131122123141111142122123211411141141412112213141211
443212211143242131124444114213112321123224231411212321231222121212112231311232431422311122331121212213232233113142411221411112141242122411222312233114242221414113231114112444
443222211143142133142142424222213323241244242111312411142132143222114131314242443231142421243141313231142321342231241241213111141214221241111343222222112323211232213413331211
443222211134114232231131244124233212132322242311141323221114134321414131111224234114431312242122321134241424123211223113112221123111241211221321241124411124112223111324414411
443212111124432234323122212141311224323134112232212131421412221233412414121311414122441231132111231311112423131122112332441331222434311131442212432331422113244441332441411122
111231133124322334424344431443444331324414314141324211131133234233333333144333124233432324231141333313331324411434141224333431432111133141233241141144312422422141232433224241
324222213421242331232433322334144134133142113322133123124322112241212211211231124443312232144334141242332331431124331114223332221332243141331133323234342232133112331413133214
411222433332233241133142433111124421221221211112333144232213314223114424414244433242131123242211141143143344143443332312333442144213214431312324412233424434232332411134144243
331422311442441424443324213112324221114114314334414344333231233344214421321443131232441223342443423233241113414424312433311413334414131434211331334112311113131114133223113233
234111421131332311132423143143414433244333444433143433242414322213234432344143314444323141114211144324214324331433222414444113311111314424444432342334441224123133323321221113
332244341112432334143324231443224413133111441211413311142232142142231433334211113333233113131133424322334424244111442444131324414334141324313231433234333333233444433324333332
332331441313313312232444443344344211113331323331422211132332134424233442131242121322433322334214443233342423332233323124232112241313311411241424413312312344334441342332431431
312131113313233313314432131224421321221311113333244132213311331434124411144433342131123232331441143143144143143232332231142314241344323433331424412333224434432332411411413242
133143412441114443334213112323233144114314314414314323233223114231424134432343333142441233322443443233241141141324212433311113334134133334113334314443134234111314133133113133
323232244333444433144332414334343444343133133221143334324213231113333233444144443332221314214434333423333334444411131213114244444323423344412324223343232343342233333332333132
424132234423133144443121431224323133332411231142312341412223232413323241142431324244224342443244411233134322413312421324322412141423434432443341323124442211142314224131141313
431414131232221111212221312142141321131441212112222331312111321331421412142112443112421424213114123132312431412244111242222221431143244143143142214133242424113314144131421314
111412111124311141413224222124311132424111221332111443131231242431221442112324411231224211331312433112112432433211324233332421112424233322333311112122422421212142244112142111
113323213244244211134233213313222233212133231133242233312431433121242133222242112242441223122212223223241213122221222431233223322442134211134311134134441332242221122422222314
411241121224213342222212213214442443111212122242432424212224221221324212242421242211111212222212133214431221344212112244441324242314212242131214421324242424213214211212121121
431114313321311221144124224122214113243121422211222213324111122243242424424144144221312224111144144143144114143144121142423322133444244241314112424444222423121144412242421242
142242241232424241423141324341314223414232411434141432113113142123113144222112224412224411134141422232442312411111333311141141112334414412334412242311212432111134344142143334
132222224123442424112341213111314122224214141142212232113132342423113142222342422414111411113141223223441112411113331111114443343123434433212311212432411434322244123214343244
141142231232424241132224241224131432311313114243441321334211131314222411342222224414141412212212422211311111133144111133344443113334442242311212432111434344243123334344111233
244321342124444241231211131343331441142413421242314331123143123414312121133212121113341243132233431222342314132431233442323344341424113123232444114143233131322424424142311122
214222221111132231432244221142313244224122114332123212213143211142242221211222432132221221332324421321134244343212411411411441423244142442441414144134244113434233233243311234
442412312111313433314411424134212413143311231431224143121214332121211133412431322334312323423141324312334423233443414241131232324411141432331343224244241424131321244332222324
314421133244444121344134414144132331142314114312344114244122122423313331141111443424241222314311323313311131423314211424423311433222321332222214121322443112313113321414134134
312214123114432131411131242242133132221413131423324122423321412424122122444124124222133421113132214321124232322313144112314144144221314134114111243222324324224111431244111311
413412244232322442443122122443231142222222111322111343433424432332432321441112111414341432311111141312223213222431113231112111442432111111131111113113411332114331443132231111
322243231323143131441232412314414122242323344243222131334414313111222111112243331144332443111211332144441321442222322221122213134232423112124442431113112143114414232424231143
424424133314333323243223443144444432223432343231431341412324123144143333233314242432221313324434144442211111224333114433244311113113321444413214422223322221221121121232423122
124244211333143333412332114444234444322224323132314313144123241231441413323333333324322213144444344444222111112243331144332443111211332144441321442222332222212222111422423112
312424421223314333332332222414414444432222432343231431314412324123144141223123232442432221313314143124412221111122433311443324431113113321444413214422223232122221111412423112
144112433234141243312424413414443424333134424212322113331443444443343224442411121444224221213114332224441421314332412144424224314141332432131331321421211111323243242131244313
443124222442411334424444211442244242433311343334213222442413133231141331333144112433144414421333313323134424441232413332444321122423213442442232232243223313223222322324223134
424114143322222243344334141444423432141222111143442341111333343344421424432343433342142324414114312243314442213423434431411333442234314134433434434143414333332222223222243314
444434334331434434114142333132224131244444344133243122443143341433343434332244144334332134423314144132244124144124144114144144144124313334324344442132413433233424124242222214
244242444134134144132344334134121431434242244132244434441434424424444331133342234343123243143331413244443113441242222411243121111211113231331144331214342434223232233224221414
422142411113424332432323131412313444134321334324343143142123343441423314341424133422132413433342343343133242333213423213114433324443121423434334343424323233142343133223214111
432241113433331441132144343143242432214231242421112111422421311211114212424241343124311442424422212413231244434444322142332121211424421131332444313221443131113222144114223321
314334314434333343144311434334334334313313313334334334232443333343334342434334342113213434331444334323422242232433313342434321331333314312332221123342424324211213242243141414
331243431443433241424434442233243324343221233331211234334344331224431341233344431214322334224343243114342343143433422112424311121114332322214132324131313324423324212122222141
442342431443333333442443113343342434334342333343334334331443331411324431414313432431314212342444332444142411114232411434334334124321221141414411141441313211144414143221132242
214331243233143331434224422233223242231233242444442232141341433443232233114333144233243224122224442243234244424422114223233233233243233243221343443243233233123223333214411131
333133343241213222344343224424443141441442143443443414444323322233243233443441214343433413334244333344443441424433232344233121113344343134233241324334334433122422233214444114
112344232324343234323133343142243224213313111113411412314324314343132322411413433414432224223313114213243434322132322111413211343434333133344111111443444112213323123433143133
221143243334144143133321134433324313134414243441231334214144431331331142322133244231442222221333143113332233244234143444133444434331331332131334242132431222423311333341142243
223441442414321144322333332242114414444422143331213114424423444212221122221444434423324442444243121434424321433311324332243244424411123112322212324324442214121224344441441133
221222224114231242424121231313243124244321413223124432242443333321331144141131244224442222322244322224211221244332432221242314423243244214444323211242442222211142431143331442
433122333313321332232322243332432313324313324342324314312242324332442312213322332431432212341324424324343434321311221232231331314233341121314441311411342143311132322114432212
332422224123234432441132324224444312221312131313213111131422313314332231313343323333431411123142233333241223142132214114143333323333443333322331324221422132223131211334334434
313213112414313341441131123413322432334331231233121234314443334222123134121241211441413314443323222413241131131333232122433341224241231243141221231211242114223242334244122133
222434111113133314443424242422222222244344442222213133223342312213423142421142243322211421323143214423142114214221422132432422443432242132432424323222423213244211434443211432
324412424133414414324341331413313324424124433242133444133414223143233142444414413131412214144214422211421424443424432114421142121114434442423221311444232222243222232431413123
431343314343232314443431431334441332433341434331343341342433232433433332433313444433441133433432433433144143434233434131334322321111434313343443134423424433334343143213444323
422234122134424222222234331122233434233424221112334424222124221313123143241233131444212221113314221142334231141413213232241424331434142141422223232111324243233311142221141111
132434414331432334142113411243242223243332334214414331212133434414431311134411332331444224332434331231343232342134144414414414144131331334343433231232321131144114141134313432
344343124222442411334424444211442244242433311343334213222442413113231141331333144112433144414421333343323134434441232413332444321122423213442442232232243223312223222322324223
342422233242222113222212443243221244241311222113122422133121214324224442244331233441222242212111133122233234243322413322211313122242411322322211123332222122142332211121321141
121121131422441122312222223133311432122323114221131422411131441323413331441311323344121342113121141111411311333224133314142411311432312132123114432112332344433243324414233131
132241221313123311321444232142231214122432112112322214223112132112413111414122141221432121432241441141221141111142423242444423222334242141144431313143312112232233232221213113
314131143133331333123331411133431344334141123412333314312231111243422122114111111312124124114122111133223123113122431314132224123322144142221223214321232131111344423311113441
422213123314123311412311414244322441112114444313224223222423231114413221311111311444241241141221141111143323322314224311441432112232211113223123214132114412111234122331123134
133214242123323444432421121211231433122211313121131143332132422223224222243342431222141121141413113221113323341223443113131444112112323133141333443142423223144322312143333114
232212433131432212122114111114113224124114122114431133142442432123223123232224122241423221142411213131442232112132422322324233113442121122314331443321141314214321123131423123
332211121323212231144141421241311113311421421224412111322423324312231112324114131213443221232122313212242122141111232144411212312224111321122142413211113131311323114234433141
224212114241222144122213333141142411121122322141121111413341321411212332211443242321134243313131432144422143324131232441131141234121321121214441222422231213214323232431113131
322221111423212311222114322123132112122114414413222221112114143114242212421423221321141124122241441141221141111142432242444423222334224214144131313414311132232233232112222112
