BOA: true
Experiment: 0
Best of iteration 0 : 0.9649122807017544 8.508771929824562 21(11)
Best of iteration 10 : 0.9692982456140351 8.070175438596493 35(10)
0.934	0.763	0.830	0.924	0.797	0.872	0.767	0.866	0.929	0.847	0.718	0.910	0.917	0.692	0.900	0.854	0.875	0.917	0.837	0.869	0.778	0.850	0.495	0.683	0.898	0.824	0.437	0.593	0.853	0.900	
Best of iteration 20 : 0.9868421052631579 6.3157894736842195 75(31)
0.922	0.747	0.880	0.895	0.746	0.903	0.757	0.903	0.914	0.836	0.787	0.870	0.943	0.638	0.837	0.805	0.855	0.929	0.825	0.889	0.799	0.805	0.577	0.647	0.915	0.795	0.397	0.557	0.860	0.902	
Best of iteration 30 : 0.9912280701754386 5.877192982456137 128(25)
0.940	0.759	0.902	0.908	0.733	0.935	0.750	0.912	0.929	0.811	0.775	0.911	0.957	0.627	0.885	0.794	0.869	0.938	0.835	0.896	0.819	0.831	0.600	0.580	0.943	0.809	0.363	0.576	0.872	0.895	
Delete:	12, 
Best of iteration 40 : 0.9429824561403509 10.701754385964904 21(13)
Best of iteration 50 : 0.9692982456140351 8.070175438596493 42(7)
0.792	0.809	0.840	0.836	0.817	0.946	0.785	0.841	0.792	0.929	0.640	0.821	0.861	0.855	0.956	0.830	0.905	0.889	0.904	0.723	0.837	0.685	0.659	0.753	0.803	0.495	0.721	0.728	0.891	
Delete:	14, 
Best of iteration 60 : 0.9780701754385965 7.192982456140342 17(15)
0.896	0.870	0.841	0.836	0.800	0.903	0.882	0.826	0.850	0.753	0.813	0.897	0.700	0.912	0.889	0.756	0.871	0.859	0.689	0.790	0.668	0.779	0.784	0.798	0.430	0.534	0.899	0.922	
Best of iteration 70 : 0.9868421052631579 6.3157894736842195 76(21)
0.862	0.913	0.839	0.845	0.785	0.981	0.903	0.796	0.850	0.705	0.875	0.907	0.705	0.907	0.978	0.698	0.849	0.877	0.617	0.760	0.671	0.835	0.659	0.839	0.410	0.572	0.913	0.956	
Delete:	5, 
Best of iteration 80 : 0.9515418502202643 9.845814977973575 30(22)
Best of iteration 90 : 0.9779735682819384 7.202643171806159 30(18)
0.812	0.791	0.846	0.897	0.784	0.854	0.866	0.844	0.838	0.593	0.864	0.683	0.936	0.805	0.770	0.753	0.901	0.764	0.861	0.711	0.816	0.834	0.848	0.384	0.572	0.757	0.906	
Best of iteration 100 : 0.986784140969163 6.321585903083701 46(25)
0.762	0.791	0.854	0.900	0.783	0.844	0.869	0.830	0.874	0.552	0.871	0.673	0.960	0.846	0.754	0.648	0.960	0.773	0.881	0.774	0.759	0.833	0.885	0.402	0.588	0.673	0.905	
Delete:	12, 
Best of iteration 110 : 0.9779735682819384 7.202643171806159 49(11)
0.888	0.900	0.896	0.832	0.694	0.761	0.851	0.776	0.909	0.567	0.867	0.748	0.850	0.807	0.833	0.829	0.709	0.767	0.671	0.647	0.756	0.799	0.418	0.555	0.903	0.824	
Best of iteration 120 : 0.9911894273127754 5.881057268722458 35(14)
0.835	0.835	0.920	0.860	0.682	0.756	0.823	0.743	0.923	0.604	0.966	0.752	0.894	0.740	0.782	0.839	0.695	0.725	0.694	0.699	0.713	0.808	0.407	0.526	0.893	0.806	
Delete:	10, 
Best of iteration 130 : 0.960352422907489 8.964757709251103 21(18)
Best of iteration 140 : 0.973568281938326 7.643171806167402 37(22)
0.919	0.851	0.852	0.888	0.805	0.841	0.846	0.825	0.836	0.499	0.704	0.795	0.900	0.900	0.832	0.822	0.843	0.708	0.656	0.780	0.786	0.364	0.618	0.866	0.856	
Best of iteration 150 : 0.973568281938326 7.643171806167402 53(34)
0.942	0.802	0.894	0.868	0.738	0.829	0.914	0.850	0.805	0.528	0.772	0.854	0.944	0.953	0.847	0.805	0.885	0.786	0.627	0.819	0.802	0.420	0.646	0.783	0.849	
Delete:	13, 
Best of iteration 160 : 0.9557522123893806 9.424778761061944 21(15)
0.797	0.905	0.848	0.837	0.734	0.809	0.751	0.737	0.837	0.684	0.693	0.808	0.857	0.781	0.606	0.753	0.660	0.866	0.837	0.793	0.418	0.500	0.874	0.833	
Best of iteration 170 : 0.9690265486725663 8.09734513274337 49(14)
Best of iteration 180 : 0.9778761061946902 7.212389380530979 33(13)
0.781	0.947	0.855	0.852	0.685	0.843	0.736	0.710	0.852	0.722	0.725	0.779	0.837	0.783	0.585	0.701	0.617	0.870	0.872	0.832	0.424	0.508	0.903	0.809	
Best of iteration 190 : 0.9823008849557522 6.769911504424783 50(12)
0.873	0.966	0.841	0.879	0.720	0.763	0.717	0.756	0.879	0.768	0.723	0.697	0.797	0.791	0.726	0.638	0.579	0.915	0.904	0.816	0.411	0.441	0.965	0.700	
Delete:	1, 
Best of iteration 200 : 0.956140350877193 9.385964912280699 5(4)
0.830	0.771	0.710	0.766	0.861	0.814	0.874	0.982	0.634	0.698	0.822	0.956	0.857	0.826	0.861	0.702	0.728	0.923	0.626	0.288	0.509	0.871	0.767	
Delete:	7, 
Best of iteration 210 : 0.9691629955947136 8.08370044052863 25(13)
Best of iteration 220 : 0.9823788546255506 6.76211453744493 18(17)
0.855	0.730	0.809	0.782	0.831	0.839	0.732	0.707	0.698	0.810	0.828	0.858	0.745	0.717	0.728	0.791	0.797	0.840	0.390	0.545	0.804	0.897	
Best of iteration 230 : 0.9823788546255506 6.76211453744493 47(15)
0.900	0.733	0.764	0.796	0.907	0.833	0.587	0.681	0.773	0.779	0.879	0.882	0.824	0.705	0.732	0.704	0.741	0.875	0.482	0.578	0.745	0.891	
Best of iteration 240 : 0.986784140969163 6.321585903083701 50(21)
0.885	0.724	0.804	0.776	0.910	0.838	0.573	0.654	0.785	0.774	0.856	0.909	0.880	0.678	0.737	0.702	0.747	0.865	0.465	0.639	0.782	0.898	
Best of iteration 250 : 0.9823788546255506 6.76211453744493 29(6)
0.925	0.704	0.837	0.763	0.938	0.855	0.544	0.599	0.834	0.734	0.845	0.910	0.912	0.653	0.689	0.696	0.798	0.873	0.520	0.676	0.765	0.927	
Best of iteration 260 : 0.9823788546255506 6.76211453744493 125(15)
Best of iteration 270 : 0.9823788546255506 6.76211453744493 84(15)
0.930	0.706	0.841	0.765	0.944	0.857	0.533	0.600	0.847	0.726	0.847	0.908	0.917	0.648	0.686	0.694	0.804	0.875	0.529	0.686	0.767	0.927	
Best of iteration 280 : 0.9823788546255506 6.76211453744493 25(15)
0.931	0.704	0.838	0.771	0.946	0.856	0.530	0.602	0.847	0.722	0.842	0.910	0.914	0.651	0.695	0.697	0.806	0.876	0.536	0.680	0.759	0.924	
Best of iteration 290 : 0.9823788546255506 6.76211453744493 20(13)
0.872	0.861	0.770	0.772	0.922	0.827	0.715	0.651	0.751	0.770	0.878	0.926	0.783	0.759	0.714	0.627	0.743	0.846	0.523	0.557	0.749	0.952	
Delete:	21, 
Best of iteration 300 : 0.9779735682819384 7.202643171806159 21(14)
Best of iteration 310 : 0.986784140969163 6.321585903083701 18(10)
0.869	0.849	0.772	0.769	0.854	0.873	0.837	0.656	0.746	0.889	0.819	0.804	0.771	0.700	0.664	0.769	0.794	0.783	0.451	0.458	0.847	
Best of iteration 320 : 0.9955947136563876 5.440528634361243 72(23)
0.850	0.790	0.823	0.817	0.881	0.887	0.773	0.709	0.737	0.970	0.850	0.852	0.800	0.742	0.651	0.672	0.684	0.779	0.456	0.446	0.837	
Delete:	9, 
Best of iteration 330 : 0.9691629955947136 8.08370044052863 25(17)
0.941	0.849	0.889	0.825	0.867	0.791	0.793	0.602	0.785	0.720	0.852	0.658	0.778	0.649	0.781	0.703	0.803	0.394	0.553	0.901	
Best of iteration 340 : 0.9779735682819384 7.202643171806159 28(19)
Best of iteration 350 : 0.9955947136563876 5.440528634361243 59(23)
0.933	0.843	0.881	0.842	0.945	0.745	0.814	0.569	0.852	0.758	0.895	0.616	0.738	0.666	0.712	0.789	0.800	0.420	0.553	0.899	
Best of iteration 360 : 0.9911894273127754 5.881057268722458 46(15)
0.920	0.887	0.884	0.822	0.941	0.684	0.818	0.571	0.870	0.788	0.884	0.571	0.642	0.698	0.743	0.765	0.871	0.464	0.571	0.925	
Best of iteration 370 : 0.9955947136563876 5.440528634361243 46(12)
0.916	0.912	0.882	0.831	0.952	0.664	0.848	0.571	0.887	0.785	0.924	0.556	0.558	0.679	0.724	0.853	0.879	0.473	0.570	0.880	
Delete:	4, 
Best of iteration 380 : 0.9737991266375546 7.620087336244538 9(7)
0.815	0.905	0.838	0.787	0.717	0.846	0.613	0.731	0.800	0.923	0.740	0.553	0.679	0.810	0.747	0.596	0.310	0.377	0.890	
Best of iteration 390 : 0.9868995633187773 6.310043668122276 14(10)
Best of iteration 400 : 0.9956331877729258 5.436681222707421 64(26)
0.834	0.885	0.851	0.810	0.719	0.805	0.545	0.770	0.799	0.937	0.761	0.533	0.728	0.818	0.714	0.610	0.318	0.457	0.880	
Best of iteration 410 : 0.9956331877729258 5.436681222707421 69(16)
0.876	0.853	0.841	0.795	0.708	0.789	0.473	0.755	0.802	0.949	0.754	0.447	0.716	0.845	0.681	0.618	0.273	0.456	0.896	
Best of iteration 420 : 0.9912663755458515 5.873362445414855 275(7)
0.887	0.845	0.848	0.799	0.700	0.788	0.463	0.761	0.806	0.956	0.753	0.451	0.722	0.845	0.672	0.622	0.278	0.463	0.892	
Delete:	9, 
Best of iteration 430 : 0.947136563876652 10.286343612334804 21(10)
Best of iteration 440 : 0.9691629955947136 8.08370044052863 34(13)
0.892	0.732	0.851	0.723	0.847	0.822	0.634	0.693	0.742	0.621	0.765	0.489	0.699	0.827	0.806	0.364	0.520	0.861	
Best of iteration 450 : 0.9691629955947136 8.08370044052863 26(10)
0.997	0.751	0.798	0.711	0.873	0.963	0.575	0.788	0.760	0.532	0.707	0.356	0.664	0.898	0.838	0.406	0.598	0.790	
Delete:	0, 
Best of iteration 460 : 0.9563318777292577 9.366812227074234 29(18)
0.783	0.765	0.742	0.753	0.769	0.659	0.583	0.862	0.715	0.697	0.674	0.713	0.803	0.776	0.374	0.511	0.833	
Best of iteration 470 : 0.9606986899563319 8.930131004366814 21(8)
Best of iteration 480 : 0.9737991266375546 7.620087336244538 34(9)
0.856	0.684	0.636	0.682	0.766	0.714	0.506	0.804	0.731	0.541	0.592	0.771	0.875	0.804	0.373	0.516	0.791	
Best of iteration 490 : 0.9781659388646288 7.183406113537117 58(8)
0.856	0.642	0.636	0.711	0.738	0.699	0.512	0.848	0.814	0.580	0.586	0.862	0.820	0.696	0.308	0.485	0.716	
training accuracy 441.0/455.0=	0.9692307692307692
test accuracy 109.0/114.0=	0.956140350877193
Total time: 410.484
Experiment: 1
Best of iteration 0 : 0.9515418502202643 9.845814977973575 21(9)
Best of iteration 10 : 0.9691629955947136 8.08370044052863 37(16)
0.914	0.784	0.853	0.868	0.908	0.789	0.866	0.879	0.903	0.946	0.843	0.918	0.877	0.778	0.917	0.799	0.820	0.949	0.840	0.892	0.744	0.853	0.701	0.607	0.867	0.813	0.483	0.538	0.809	0.847	
Best of iteration 20 : 0.973568281938326 7.643171806167402 39(12)
0.900	0.715	0.978	0.852	0.911	0.904	0.915	0.899	0.861	0.964	0.849	0.977	0.792	0.649	0.965	0.571	0.694	0.937	0.941	0.799	0.731	0.764	0.652	0.436	0.782	0.795	0.418	0.645	0.900	0.871	
Delete:	2, 
Best of iteration 30 : 0.960352422907489 8.964757709251103 31(18)
0.881	0.846	0.807	0.874	0.826	0.881	0.839	0.819	0.816	0.671	0.834	0.891	0.698	0.898	0.866	0.845	0.882	0.814	0.827	0.733	0.796	0.659	0.766	0.828	0.723	0.596	0.561	0.833	0.893	
Best of iteration 40 : 0.9823788546255506 6.76211453744493 43(17)
Best of iteration 50 : 0.9955947136563876 5.440528634361243 96(27)
0.936	0.820	0.858	0.911	0.889	0.857	0.877	0.796	0.804	0.627	0.883	0.931	0.679	0.940	0.847	0.886	0.843	0.794	0.836	0.764	0.821	0.666	0.726	0.860	0.691	0.599	0.669	0.836	0.871	
Best of iteration 60 : 1.0 5.0 97(30)
0.944	0.838	0.846	0.946	0.906	0.842	0.924	0.790	0.762	0.613	0.890	0.951	0.679	0.942	0.832	0.932	0.800	0.777	0.881	0.744	0.841	0.670	0.719	0.855	0.688	0.536	0.682	0.858	0.871	
Delete:	11, 
Best of iteration 70 : 0.9691629955947136 8.08370044052863 20(10)
0.845	0.778	0.893	0.896	0.879	0.926	0.796	0.821	0.895	0.598	0.781	0.679	0.849	0.862	0.815	0.836	0.856	0.971	0.765	0.788	0.654	0.755	0.829	0.867	0.505	0.556	0.887	0.994	
Delete:	27, 
Best of iteration 80 : 0.9383259911894273 11.167400881057276 21(18)
Best of iteration 90 : 0.9823788546255506 6.76211453744493 50(23)
0.788	0.834	0.874	0.922	0.862	0.903	0.769	0.804	0.896	0.725	0.883	0.718	0.865	0.863	0.867	0.777	0.861	0.848	0.815	0.863	0.704	0.722	0.775	0.814	0.414	0.532	0.876	
Best of iteration 100 : 1.0 5.0 118(31)
0.748	0.832	0.900	0.948	0.859	0.933	0.791	0.731	0.898	0.725	0.892	0.636	0.869	0.780	0.868	0.859	0.858	0.908	0.779	0.860	0.674	0.678	0.798	0.792	0.413	0.518	0.846	
Best of iteration 110 : 1.0 5.0 98(26)
0.796	0.894	0.907	0.936	0.886	0.913	0.750	0.810	0.861	0.711	0.897	0.672	0.860	0.827	0.894	0.824	0.843	0.815	0.814	0.810	0.778	0.665	0.782	0.820	0.314	0.500	0.823	
Best of iteration 120 : 1.0 5.0 134(20)
0.784	0.896	0.904	0.935	0.881	0.910	0.765	0.820	0.843	0.695	0.907	0.677	0.845	0.828	0.898	0.822	0.834	0.810	0.806	0.845	0.774	0.678	0.768	0.817	0.288	0.510	0.828	
Best of iteration 130 : 1.0 5.0 119(18)
Best of iteration 140 : 1.0 5.0 92(19)
0.875	0.874	0.898	0.913	0.854	0.926	0.793	0.827	0.849	0.691	0.889	0.627	0.802	0.822	0.921	0.814	0.870	0.794	0.865	0.749	0.800	0.652	0.722	0.851	0.280	0.552	0.819	
Best of iteration 150 : 0.986784140969163 6.321585903083701 85(16)
0.869	0.870	0.892	0.905	0.844	0.926	0.788	0.837	0.862	0.689	0.889	0.612	0.800	0.809	0.927	0.813	0.867	0.818	0.856	0.727	0.790	0.649	0.738	0.861	0.287	0.557	0.829	
Best of iteration 160 : 0.9823788546255506 6.76211453744493 20(14)
0.780	0.895	0.802	0.992	0.864	0.917	0.849	0.894	0.922	0.768	0.987	0.583	0.802	0.854	0.993	0.865	0.962	0.791	0.873	0.800	0.688	0.582	0.812	0.842	0.260	0.483	0.934	
Delete:	14, 
Best of iteration 170 : 0.9475982532751092 10.24017467248909 21(16)
Best of iteration 180 : 0.9694323144104804 8.056768558951958 68(24)
0.895	0.807	0.780	0.810	0.823	0.720	0.850	0.880	0.854	0.683	0.852	0.668	0.836	0.864	0.751	0.840	0.855	0.759	0.796	0.658	0.852	0.767	0.813	0.550	0.523	0.898	
Best of iteration 190 : 0.9912663755458515 5.873362445414855 55(32)
0.866	0.819	0.785	0.786	0.803	0.787	0.851	0.907	0.830	0.602	0.824	0.628	0.831	0.926	0.733	0.801	0.894	0.687	0.747	0.705	0.848	0.707	0.817	0.405	0.513	0.896	
Best of iteration 200 : 0.9956331877729258 5.436681222707421 54(31)
0.847	0.908	0.916	0.742	0.807	0.672	0.871	0.938	0.897	0.543	0.832	0.591	0.787	0.904	0.746	0.751	0.915	0.620	0.716	0.688	0.894	0.704	0.862	0.329	0.547	0.913	
Best of iteration 210 : 1.0 5.0 43(18)
Best of iteration 220 : 1.0 5.0 65(19)
0.842	0.909	0.900	0.779	0.810	0.665	0.876	0.946	0.912	0.578	0.858	0.593	0.801	0.901	0.758	0.747	0.922	0.621	0.714	0.686	0.879	0.728	0.864	0.356	0.524	0.909	
Best of iteration 230 : 0.9912663755458515 5.873362445414855 66(13)
0.847	0.918	0.941	0.755	0.800	0.661	0.892	0.942	0.918	0.556	0.845	0.574	0.779	0.894	0.736	0.723	0.913	0.618	0.716	0.677	0.900	0.712	0.863	0.335	0.524	0.914	
Best of iteration 240 : 0.9781659388646288 7.183406113537117 180(7)
0.843	0.921	0.945	0.767	0.797	0.664	0.893	0.946	0.923	0.555	0.846	0.567	0.783	0.901	0.730	0.712	0.917	0.610	0.716	0.686	0.900	0.706	0.865	0.327	0.519	0.908	
Best of iteration 250 : 0.9650655021834061 8.493449781659379 20(4)
0.830	0.898	0.916	0.738	0.872	0.738	0.875	0.967	0.910	0.607	0.865	0.583	0.740	0.865	0.702	0.760	0.963	0.643	0.792	0.622	0.952	0.647	0.915	0.420	0.636	0.876	
Delete:	7, 
Best of iteration 260 : 0.947136563876652 10.286343612334804 21(14)
Best of iteration 270 : 0.9779735682819384 7.202643171806159 13(9)
0.918	0.927	0.779	0.868	0.899	0.807	0.852	0.810	0.699	0.874	0.716	0.921	0.814	0.826	0.834	0.861	0.691	0.711	0.685	0.818	0.835	0.821	0.474	0.389	0.757	
Best of iteration 280 : 0.9823788546255506 6.76211453744493 38(8)
0.925	0.953	0.856	0.910	0.854	0.803	0.793	0.791	0.823	0.924	0.773	0.939	0.668	0.911	0.936	0.899	0.640	0.597	0.771	0.700	0.716	0.784	0.596	0.385	0.801	
Delete:	1, 
Best of iteration 290 : 0.9647577092511013 8.524229074889874 18(15)
0.863	0.746	0.830	0.896	0.808	0.937	0.783	0.692	0.752	0.586	0.855	0.861	0.820	0.866	0.821	0.742	0.621	0.700	0.749	0.817	0.746	0.653	0.491	0.962	
Delete:	23, 
Best of iteration 300 : 0.9649122807017544 8.508771929824562 21(18)
Best of iteration 310 : 0.9824561403508771 6.754385964912288 60(12)
0.803	0.893	0.851	0.827	0.857	0.821	0.850	0.770	0.933	0.707	0.803	0.864	0.760	0.790	0.865	0.767	0.765	0.686	0.825	0.862	0.821	0.482	0.582	
Best of iteration 320 : 0.9868421052631579 6.3157894736842195 37(13)
0.900	0.849	0.923	0.787	0.836	0.780	0.830	0.784	0.960	0.660	0.729	0.863	0.792	0.790	0.790	0.685	0.781	0.682	0.817	0.796	0.858	0.388	0.569	
Delete:	8, 
Best of iteration 330 : 0.9517543859649122 9.824561403508781 9(7)
0.821	0.853	0.845	0.816	0.842	0.768	0.827	0.833	0.650	0.864	0.918	0.890	0.819	0.835	0.762	0.907	0.834	0.805	0.666	0.793	0.437	0.529	
Best of iteration 340 : 0.956140350877193 9.385964912280699 27(7)
Best of iteration 350 : 0.9605263157894737 8.94736842105263 45(8)
0.881	0.789	0.813	0.767	0.916	0.824	0.785	0.856	0.645	0.931	0.912	0.824	0.811	0.867	0.714	0.931	0.836	0.760	0.580	0.725	0.454	0.515	
Best of iteration 360 : 0.9605263157894737 8.94736842105263 35(7)
0.874	0.807	0.852	0.870	0.875	0.795	0.796	0.811	0.727	0.870	0.916	0.852	0.853	0.898	0.638	0.947	0.862	0.701	0.538	0.740	0.542	0.491	
Best of iteration 370 : 0.9736842105263158 7.631578947368425 52(17)
0.851	0.839	0.865	0.868	0.890	0.789	0.807	0.811	0.708	0.848	0.932	0.838	0.857	0.908	0.606	0.948	0.890	0.693	0.504	0.761	0.552	0.481	
Best of iteration 380 : 0.9605263157894737 8.94736842105263 84(7)
0.850	0.843	0.857	0.872	0.888	0.769	0.796	0.805	0.723	0.844	0.933	0.836	0.855	0.914	0.602	0.947	0.895	0.691	0.515	0.739	0.562	0.497	
Best of iteration 390 : 0.9605263157894737 8.94736842105263 164(7)
Best of iteration 400 : 0.9605263157894737 8.94736842105263 48(7)
0.853	0.837	0.855	0.874	0.891	0.768	0.803	0.801	0.736	0.833	0.933	0.843	0.852	0.915	0.595	0.950	0.889	0.679	0.525	0.744	0.553	0.487	
Delete:	15, 
Best of iteration 410 : 0.9692982456140351 8.070175438596493 21(9)
0.801	0.845	0.747	0.795	0.813	0.824	0.831	0.547	0.573	0.824	0.844	0.756	0.911	0.785	0.673	0.727	0.779	0.755	0.744	0.446	0.300	
Best of iteration 420 : 0.9649122807017544 8.508771929824562 110(12)
0.833	0.846	0.736	0.797	0.823	0.826	0.813	0.507	0.592	0.859	0.858	0.715	0.930	0.817	0.663	0.737	0.789	0.734	0.778	0.443	0.335	
Best of iteration 430 : 0.9736842105263158 7.631578947368425 56(27)
Best of iteration 440 : 0.9736842105263158 7.631578947368425 116(16)
0.917	0.859	0.681	0.790	0.828	0.818	0.859	0.543	0.656	0.810	0.925	0.743	0.918	0.826	0.676	0.801	0.805	0.807	0.767	0.454	0.291	
Best of iteration 450 : 0.9780701754385965 7.192982456140342 58(12)
0.888	0.835	0.708	0.749	0.827	0.820	0.876	0.522	0.655	0.855	0.908	0.719	0.880	0.774	0.553	0.776	0.848	0.744	0.797	0.512	0.259	
Best of iteration 460 : 0.9736842105263158 7.631578947368425 43(9)
0.893	0.827	0.735	0.760	0.833	0.819	0.908	0.530	0.639	0.921	0.874	0.732	0.820	0.792	0.511	0.772	0.806	0.752	0.741	0.541	0.272	
Best of iteration 470 : 0.9736842105263158 7.631578947368425 44(9)
Best of iteration 480 : 0.9736842105263158 7.631578947368425 62(9)
0.883	0.843	0.731	0.814	0.818	0.829	0.891	0.559	0.633	0.943	0.879	0.796	0.814	0.857	0.563	0.765	0.777	0.750	0.690	0.546	0.301	
Best of iteration 490 : 0.9736842105263158 7.631578947368425 15(8)
0.968	0.785	0.803	0.709	0.949	0.834	0.836	0.472	0.645	0.981	0.874	0.845	0.849	0.944	0.641	0.878	0.762	0.810	0.607	0.488	0.392	
Delete:	9, 
training accuracy 430.0/455.0=	0.945054945054945
test accuracy 105.0/114.0=	0.9210526315789473
Total time: 539.547
Experiment: 2
Best of iteration 0 : 0.9736842105263158 7.631578947368425 21(10)
Best of iteration 10 : 0.9956140350877193 5.438596491228068 51(18)
0.906	0.878	0.865	0.917	0.766	0.877	0.787	0.792	0.817	0.843	0.720	0.917	0.883	0.764	0.873	0.881	0.830	0.813	0.828	0.925	0.765	0.805	0.785	0.748	0.869	0.745	0.437	0.574	0.903	0.868	
Best of iteration 20 : 1.0 5.0 50(17)
0.914	0.931	0.822	0.906	0.650	0.884	0.674	0.732	0.862	0.814	0.625	0.976	0.890	0.808	0.838	0.870	0.835	0.818	0.841	0.887	0.731	0.770	0.854	0.785	0.873	0.705	0.407	0.541	0.888	0.876	
Delete:	11, 
Best of iteration 30 : 0.9646017699115044 8.539823008849567 29(12)
0.896	0.884	0.800	0.866	0.821	0.865	0.851	0.789	0.855	0.901	0.669	0.861	0.762	0.819	0.865	0.806	0.806	0.818	0.838	0.698	0.846	0.767	0.821	0.885	0.844	0.432	0.476	0.853	0.887	
Best of iteration 40 : 0.9867256637168141 6.3274336283185875 51(15)
Best of iteration 50 : 0.9867256637168141 6.3274336283185875 41(14)
0.874	0.885	0.780	0.816	0.769	0.877	0.843	0.784	0.904	0.893	0.581	0.829	0.845	0.805	0.795	0.764	0.795	0.876	0.840	0.741	0.810	0.791	0.820	0.889	0.916	0.457	0.528	0.859	0.918	
Best of iteration 60 : 0.9911504424778761 5.884955752212392 56(29)
0.847	0.909	0.690	0.896	0.742	0.903	0.863	0.869	0.934	0.896	0.514	0.834	0.679	0.795	0.771	0.810	0.812	0.919	0.929	0.643	0.776	0.755	0.816	0.968	0.935	0.484	0.570	0.891	0.893	
Delete:	23, 
Best of iteration 70 : 0.9559471365638766 9.405286343612332 30(15)
0.857	0.811	0.920	0.866	0.782	0.852	0.688	0.788	0.891	0.861	0.661	0.898	0.727	0.851	0.856	0.913	0.891	0.903	0.813	0.646	0.723	0.755	0.846	0.742	0.411	0.607	0.909	0.874	
Best of iteration 80 : 0.9779735682819384 7.202643171806159 45(33)
Best of iteration 90 : 0.9911894273127754 5.881057268722458 122(32)
0.853	0.811	0.934	0.849	0.738	0.816	0.684	0.768	0.862	0.862	0.666	0.903	0.721	0.825	0.885	0.918	0.901	0.884	0.798	0.595	0.734	0.756	0.855	0.770	0.398	0.618	0.923	0.873	
Best of iteration 100 : 0.9911894273127754 5.881057268722458 170(43)
0.854	0.831	0.943	0.837	0.690	0.792	0.696	0.777	0.855	0.891	0.670	0.905	0.731	0.847	0.894	0.925	0.906	0.902	0.772	0.585	0.723	0.764	0.853	0.785	0.421	0.582	0.935	0.902	
Best of iteration 110 : 0.9911894273127754 5.881057268722458 81(18)
0.857	0.840	0.945	0.861	0.685	0.774	0.715	0.759	0.864	0.886	0.657	0.892	0.707	0.840	0.888	0.914	0.889	0.909	0.744	0.590	0.705	0.752	0.879	0.819	0.451	0.530	0.927	0.880	
Best of iteration 120 : 0.986784140969163 6.321585903083701 178(13)
0.879	0.842	0.951	0.823	0.671	0.775	0.693	0.789	0.862	0.882	0.685	0.888	0.769	0.888	0.899	0.924	0.894	0.907	0.756	0.569	0.712	0.762	0.851	0.801	0.423	0.544	0.934	0.901	
Delete:	2, 
Best of iteration 130 : 0.9292035398230089 12.079646017699119 21(11)
Best of iteration 140 : 0.9601769911504425 8.982300884955748 19(10)
0.808	0.863	0.815	0.697	0.946	0.811	0.650	0.860	0.887	0.724	0.628	0.387	0.923	0.907	0.917	0.867	0.954	0.874	0.742	0.813	0.676	0.892	0.876	0.546	0.419	0.937	0.839	
Delete:	16, 
Best of iteration 150 : 0.9605263157894737 8.94736842105263 30(16)
0.877	0.827	0.854	0.805	0.851	0.776	0.810	0.779	0.819	0.759	0.849	0.689	0.825	0.887	0.837	0.851	0.821	0.711	0.762	0.631	0.833	0.867	0.390	0.407	0.900	0.855	
Best of iteration 160 : 0.9692982456140351 8.070175438596493 66(13)
0.898	0.799	0.910	0.821	0.866	0.793	0.801	0.737	0.850	0.824	0.825	0.609	0.837	0.892	0.791	0.847	0.834	0.772	0.784	0.715	0.740	0.917	0.425	0.396	0.933	0.834	
Best of iteration 170 : 0.9956140350877193 5.438596491228068 108(36)
Best of iteration 180 : 1.0 5.0 126(23)
0.866	0.757	0.891	0.865	0.886	0.809	0.821	0.761	0.878	0.834	0.829	0.608	0.860	0.872	0.817	0.862	0.856	0.811	0.755	0.728	0.737	0.947	0.365	0.395	0.965	0.766	
Delete:	24, 
Best of iteration 190 : 0.9823008849557522 6.769911504424783 28(22)
0.823	0.769	0.855	0.814	0.861	0.748	0.813	0.840	0.860	0.587	0.876	0.656	0.835	0.840	0.816	0.816	0.830	0.823	0.825	0.699	0.722	0.803	0.482	0.586	0.832	
Best of iteration 200 : 0.9911504424778761 5.884955752212392 43(18)
0.870	0.778	0.901	0.820	0.870	0.792	0.783	0.857	0.856	0.568	0.887	0.683	0.949	0.908	0.916	0.734	0.771	0.870	0.795	0.745	0.661	0.710	0.452	0.514	0.860	
Best of iteration 210 : 0.995575221238938 5.442477876106196 54(20)
Best of iteration 220 : 0.995575221238938 5.442477876106196 62(16)
0.793	0.737	0.837	0.787	0.838	0.877	0.811	0.863	0.881	0.515	0.900	0.702	0.963	0.865	0.907	0.737	0.815	0.875	0.832	0.721	0.686	0.757	0.370	0.521	0.799	
Delete:	12, 
Best of iteration 230 : 0.9515418502202643 9.845814977973575 19(12)
0.892	0.822	0.847	0.841	0.830	0.792	0.833	0.771	0.847	0.700	0.834	0.619	0.909	0.775	0.802	0.748	0.801	0.758	0.757	0.757	0.802	0.310	0.449	0.893	
Best of iteration 240 : 0.9691629955947136 8.08370044052863 69(34)
0.845	0.757	0.796	0.840	0.851	0.803	0.744	0.810	0.750	0.787	0.859	0.540	0.916	0.778	0.820	0.714	0.748	0.747	0.749	0.735	0.789	0.370	0.472	0.877	
Best of iteration 250 : 1.0 5.0 94(28)
0.803	0.754	0.786	0.822	0.836	0.794	0.736	0.815	0.735	0.764	0.852	0.534	0.923	0.781	0.839	0.710	0.754	0.766	0.771	0.745	0.771	0.395	0.483	0.860	
Best of iteration 260 : 1.0 5.0 265(32)
Best of iteration 270 : 0.9911894273127754 5.881057268722458 183(30)
0.808	0.755	0.790	0.829	0.836	0.789	0.737	0.808	0.747	0.762	0.848	0.530	0.924	0.780	0.840	0.714	0.751	0.760	0.771	0.740	0.774	0.388	0.484	0.856	
Best of iteration 280 : 0.9779735682819384 7.202643171806159 124(10)
0.814	0.756	0.787	0.828	0.847	0.787	0.734	0.817	0.743	0.765	0.856	0.538	0.921	0.774	0.850	0.712	0.744	0.745	0.775	0.736	0.780	0.385	0.494	0.858	
Best of iteration 290 : 0.973568281938326 7.643171806167402 85(7)
0.842	0.748	0.802	0.826	0.889	0.791	0.712	0.854	0.746	0.779	0.886	0.546	0.924	0.773	0.859	0.702	0.711	0.709	0.779	0.709	0.785	0.350	0.506	0.859	
Best of iteration 300 : 0.9779735682819384 7.202643171806159 57(11)
Best of iteration 310 : 0.9779735682819384 7.202643171806159 20(11)
0.896	0.790	0.806	0.807	0.964	0.787	0.724	0.860	0.686	0.728	0.984	0.685	0.917	0.872	0.888	0.787	0.710	0.756	0.953	0.783	0.944	0.399	0.512	0.910	
Delete:	10, 
Best of iteration 320 : 0.973568281938326 7.643171806167402 24(16)
0.830	0.844	0.878	0.866	0.879	0.790	0.732	0.805	0.862	0.687	0.662	0.835	0.792	0.864	0.780	0.645	0.798	0.722	0.844	0.754	0.450	0.397	0.962	
Delete:	22, 
Best of iteration 330 : 0.9647577092511013 8.524229074889874 18(9)
0.909	0.877	0.772	0.763	0.905	0.829	0.816	0.887	0.804	0.686	0.665	0.900	0.720	0.784	0.869	0.778	0.828	0.764	0.757	0.833	0.452	0.419	
Best of iteration 340 : 0.9691629955947136 8.08370044052863 20(7)
Best of iteration 350 : 0.9779735682819384 7.202643171806159 31(17)
0.807	0.904	0.850	0.805	0.831	0.802	0.723	0.903	0.817	0.668	0.584	0.902	0.730	0.748	0.851	0.786	0.778	0.814	0.753	0.815	0.463	0.515	
Best of iteration 360 : 0.986784140969163 6.321585903083701 52(18)
0.906	0.936	0.810	0.806	0.866	0.743	0.675	0.937	0.661	0.833	0.698	0.879	0.718	0.816	0.724	0.775	0.827	0.837	0.833	0.819	0.474	0.520	
Best of iteration 370 : 0.9779735682819384 7.202643171806159 45(10)
0.906	0.940	0.825	0.822	0.860	0.724	0.668	0.938	0.674	0.809	0.707	0.887	0.735	0.797	0.705	0.768	0.826	0.838	0.814	0.811	0.465	0.515	
Best of iteration 380 : 0.986784140969163 6.321585903083701 101(12)
0.915	0.960	0.805	0.838	0.876	0.706	0.662	0.937	0.683	0.795	0.724	0.875	0.759	0.799	0.697	0.771	0.814	0.837	0.830	0.807	0.467	0.512	
Delete:	1, 
Best of iteration 390 : 0.956140350877193 9.385964912280699 21(17)
Best of iteration 400 : 0.9780701754385965 7.192982456140342 15(10)
0.899	0.903	0.841	0.884	0.760	0.747	0.839	0.788	0.617	0.652	0.872	0.868	0.795	0.859	0.663	0.762	0.743	0.776	0.869	0.407	0.508	
Best of iteration 410 : 0.9824561403508771 6.754385964912288 20(10)
0.926	0.904	0.969	0.872	0.795	0.832	0.811	0.667	0.723	0.721	0.992	0.975	0.897	0.914	0.542	0.580	0.613	0.798	0.980	0.472	0.738	
Delete:	10, 
Best of iteration 420 : 0.9559471365638766 9.405286343612332 33(18)
0.879	0.812	0.797	0.785	0.805	0.762	0.762	0.862	0.721	0.698	0.782	0.790	0.836	0.668	0.722	0.605	0.782	0.810	0.385	0.525	
Best of iteration 430 : 0.9779735682819384 7.202643171806159 30(13)
Best of iteration 440 : 0.986784140969163 6.321585903083701 60(18)
0.875	0.802	0.846	0.812	0.810	0.717	0.678	0.837	0.739	0.715	0.837	0.707	0.825	0.716	0.673	0.538	0.850	0.875	0.246	0.510	
Best of iteration 450 : 0.986784140969163 6.321585903083701 126(28)
0.854	0.778	0.863	0.805	0.829	0.722	0.640	0.837	0.744	0.711	0.844	0.711	0.843	0.738	0.615	0.509	0.893	0.899	0.214	0.507	
Best of iteration 460 : 0.986784140969163 6.321585903083701 115(15)
0.861	0.793	0.863	0.806	0.838	0.717	0.624	0.832	0.745	0.731	0.856	0.722	0.848	0.746	0.624	0.486	0.893	0.894	0.199	0.483	
Best of iteration 470 : 0.9823788546255506 6.76211453744493 161(13)
Best of iteration 480 : 0.9823788546255506 6.76211453744493 209(13)
0.861	0.832	0.871	0.810	0.855	0.688	0.601	0.837	0.724	0.764	0.895	0.765	0.871	0.767	0.636	0.465	0.878	0.898	0.194	0.443	
Best of iteration 490 : 0.9823788546255506 6.76211453744493 514(13)
0.863	0.833	0.867	0.809	0.856	0.690	0.598	0.835	0.726	0.768	0.898	0.763	0.879	0.771	0.635	0.454	0.880	0.903	0.190	0.439	
training accuracy 446.0/455.0=	0.9802197802197802
test accuracy 110.0/114.0=	0.9649122807017544
Total time: 878.219
Experiment: 3
Best of iteration 0 : 0.9646017699115044 8.539823008849567 21(12)
Best of iteration 10 : 0.9867256637168141 6.3274336283185875 53(18)
0.931	0.736	0.843	0.912	0.840	0.877	0.911	0.794	0.737	0.906	0.801	0.881	0.827	0.678	0.923	0.860	0.867	0.859	0.804	0.945	0.764	0.802	0.730	0.730	0.823	0.811	0.473	0.523	0.910	0.878	
Best of iteration 20 : 0.9911504424778761 5.884955752212392 71(20)
0.936	0.659	0.859	0.951	0.858	0.872	0.911	0.844	0.711	0.931	0.845	0.859	0.862	0.665	0.953	0.948	0.929	0.892	0.762	0.939	0.818	0.725	0.809	0.722	0.826	0.795	0.516	0.440	0.853	0.888	
Delete:	14, 
Best of iteration 30 : 0.9473684210526315 10.26315789473685 38(17)
0.882	0.933	0.873	0.873	0.900	0.857	0.844	0.810	0.724	0.848	0.657	0.921	0.890	0.845	0.833	0.872	0.874	0.916	0.797	0.701	0.707	0.741	0.816	0.862	0.775	0.385	0.637	0.959	0.812	
Delete:	27, 
Best of iteration 40 : 0.9515418502202643 9.845814977973575 21(15)
Best of iteration 50 : 0.9779735682819384 7.202643171806159 41(18)
0.772	0.842	0.759	0.806	0.832	0.881	0.880	0.806	0.884	0.812	0.732	0.914	0.932	0.796	0.940	0.774	0.903	0.868	0.855	0.601	0.781	0.768	0.769	0.829	0.870	0.519	0.534	0.900	
Best of iteration 60 : 0.986784140969163 6.321585903083701 40(16)
0.797	0.844	0.751	0.857	0.820	0.912	0.878	0.831	0.841	0.743	0.729	0.879	0.885	0.765	0.929	0.794	0.872	0.813	0.803	0.568	0.722	0.797	0.785	0.876	0.777	0.512	0.556	0.935	
Best of iteration 70 : 0.9911894273127754 5.881057268722458 136(20)
0.895	0.849	0.689	0.847	0.810	0.911	0.906	0.794	0.846	0.734	0.693	0.889	0.865	0.705	0.956	0.788	0.862	0.800	0.791	0.626	0.655	0.729	0.771	0.901	0.756	0.502	0.527	0.936	
Delete:	14, 
Best of iteration 80 : 0.956140350877193 9.385964912280699 21(16)
Best of iteration 90 : 0.9868421052631579 6.3157894736842195 29(9)
0.832	0.810	0.835	0.906	0.850	0.805	0.854	0.785	0.886	0.808	0.592	0.853	0.812	0.693	0.867	0.866	0.819	0.879	0.753	0.652	0.707	0.925	0.805	0.867	0.448	0.430	0.857	
Best of iteration 100 : 0.9912280701754386 5.877192982456137 108(37)
0.887	0.776	0.779	0.947	0.848	0.846	0.848	0.791	0.806	0.749	0.580	0.849	0.787	0.700	0.903	0.884	0.737	0.903	0.826	0.516	0.672	0.912	0.841	0.918	0.374	0.447	0.863	
Best of iteration 110 : 1.0 5.0 108(35)
0.879	0.700	0.821	0.928	0.823	0.830	0.856	0.759	0.864	0.817	0.484	0.801	0.798	0.700	0.904	0.873	0.731	0.913	0.831	0.594	0.667	0.892	0.755	0.856	0.341	0.360	0.814	
Best of iteration 120 : 1.0 5.0 145(22)
0.897	0.706	0.817	0.922	0.825	0.820	0.864	0.765	0.856	0.820	0.474	0.793	0.794	0.691	0.896	0.865	0.731	0.909	0.835	0.583	0.663	0.896	0.760	0.864	0.341	0.379	0.811	
Best of iteration 130 : 1.0 5.0 139(13)
Best of iteration 140 : 1.0 5.0 174(17)
0.900	0.712	0.815	0.923	0.823	0.825	0.864	0.766	0.849	0.816	0.480	0.790	0.795	0.699	0.903	0.865	0.721	0.908	0.830	0.581	0.668	0.897	0.761	0.866	0.344	0.373	0.803	
Best of iteration 150 : 0.9912280701754386 5.877192982456137 66(11)
0.904	0.712	0.808	0.920	0.824	0.824	0.867	0.770	0.849	0.812	0.482	0.794	0.789	0.694	0.904	0.862	0.722	0.908	0.827	0.578	0.669	0.897	0.771	0.868	0.350	0.375	0.807	
Best of iteration 160 : 0.9912280701754386 5.877192982456137 20(11)
0.963	0.704	0.836	0.833	0.928	0.884	0.908	0.823	0.852	0.819	0.686	0.911	0.931	0.647	0.979	0.917	0.700	0.888	0.718	0.520	0.732	0.882	0.847	0.936	0.295	0.529	0.809	
Delete:	14, 
Best of iteration 170 : 0.9559471365638766 9.405286343612332 21(17)
Best of iteration 180 : 0.9691629955947136 8.08370044052863 19(14)
0.908	0.914	0.843	0.788	0.877	0.942	0.791	0.871	0.888	0.922	0.743	0.845	0.923	0.738	0.896	0.779	0.813	0.773	0.878	0.663	0.765	0.811	0.725	0.439	0.500	0.866	
Best of iteration 190 : 0.973568281938326 7.643171806167402 26(17)
0.968	0.879	0.881	0.844	0.849	0.980	0.882	0.791	0.963	0.933	0.789	0.932	0.929	0.664	0.867	0.761	0.890	0.799	0.799	0.567	0.801	0.733	0.727	0.313	0.588	0.877	
Delete:	5, 
Best of iteration 200 : 0.9650655021834061 8.493449781659379 22(19)
0.903	0.870	0.821	0.823	0.829	0.865	0.821	0.891	0.886	0.752	0.826	0.848	0.596	0.868	0.861	0.865	0.773	0.799	0.715	0.735	0.825	0.812	0.531	0.447	0.888	
Best of iteration 210 : 0.9868995633187773 6.310043668122276 49(14)
Best of iteration 220 : 0.9956331877729258 5.436681222707421 86(30)
0.907	0.900	0.835	0.797	0.763	0.860	0.801	0.919	0.906	0.721	0.825	0.852	0.560	0.833	0.890	0.865	0.727	0.747	0.693	0.712	0.845	0.794	0.536	0.435	0.925	
Best of iteration 230 : 0.9912663755458515 5.873362445414855 57(21)
0.871	0.999	0.839	0.831	0.773	0.903	0.738	0.966	0.919	0.670	0.837	0.885	0.631	0.845	0.970	0.824	0.707	0.773	0.661	0.668	0.819	0.789	0.623	0.468	0.951	
Delete:	1, 
Best of iteration 240 : 0.9649122807017544 8.508771929824562 15(8)
0.879	0.817	0.926	0.791	0.803	0.786	0.896	0.779	0.719	0.911	0.908	0.589	0.810	0.865	0.900	0.768	0.785	0.662	0.806	0.816	0.841	0.353	0.601	0.835	
Best of iteration 250 : 0.9780701754385965 7.192982456140342 20(9)
0.876	0.819	0.985	0.818	0.775	0.803	0.851	0.744	0.672	0.939	0.949	0.523	0.808	0.855	0.945	0.696	0.787	0.707	0.759	0.784	0.812	0.340	0.585	0.822	
Delete:	2, 
Best of iteration 260 : 0.9517543859649122 9.824561403508781 21(18)
Best of iteration 270 : 0.9736842105263158 7.631578947368425 43(28)
0.816	0.810	0.726	0.853	0.818	0.790	0.880	0.664	0.835	0.928	0.554	0.790	0.694	0.707	0.720	0.736	0.744	0.824	0.868	0.814	0.203	0.471	0.780	
Best of iteration 280 : 0.9824561403508771 6.754385964912288 43(26)
0.812	0.792	0.733	0.869	0.796	0.784	0.881	0.642	0.838	0.927	0.538	0.784	0.711	0.676	0.768	0.687	0.713	0.811	0.908	0.842	0.170	0.471	0.782	
Best of iteration 290 : 0.9824561403508771 6.754385964912288 60(26)
0.809	0.757	0.768	0.861	0.793	0.772	0.889	0.642	0.818	0.927	0.565	0.789	0.716	0.652	0.808	0.683	0.698	0.783	0.931	0.855	0.136	0.478	0.762	
Best of iteration 300 : 0.9912280701754386 5.877192982456137 79(25)
Best of iteration 310 : 0.9956140350877193 5.438596491228068 190(29)
0.820	0.762	0.788	0.838	0.751	0.765	0.865	0.616	0.816	0.920	0.542	0.803	0.698	0.666	0.800	0.683	0.716	0.799	0.936	0.861	0.102	0.484	0.742	
Best of iteration 320 : 0.9736842105263158 7.631578947368425 209(15)
0.825	0.747	0.792	0.821	0.744	0.774	0.860	0.611	0.806	0.905	0.521	0.803	0.710	0.661	0.811	0.663	0.708	0.807	0.947	0.859	0.084	0.483	0.748	
Best of iteration 330 : 0.9692982456140351 8.070175438596493 217(13)
0.829	0.738	0.799	0.817	0.741	0.782	0.856	0.608	0.804	0.898	0.504	0.802	0.716	0.662	0.816	0.648	0.708	0.811	0.955	0.855	0.070	0.485	0.754	
Delete:	18, 
Best of iteration 340 : 0.9605263157894737 8.94736842105263 21(19)
Best of iteration 350 : 0.9824561403508771 6.754385964912288 35(24)
0.798	0.764	0.873	0.750	0.799	0.903	0.910	0.650	0.820	0.826	0.698	0.776	0.865	0.759	0.750	0.758	0.734	0.818	0.819	0.511	0.524	0.898	
Best of iteration 360 : 0.9780701754385965 7.192982456140342 25(12)
0.874	0.671	0.911	0.818	0.761	0.911	0.910	0.728	0.935	0.766	0.658	0.822	0.871	0.851	0.912	0.588	0.763	0.868	0.863	0.294	0.502	0.956	
Delete:	21, 
Best of iteration 370 : 0.9559471365638766 9.405286343612332 38(16)
0.821	0.780	0.846	0.814	0.768	0.772	0.767	0.752	0.883	0.829	0.691	0.814	0.792	0.780	0.719	0.768	0.757	0.826	0.852	0.469	0.519	
Best of iteration 380 : 0.9691629955947136 8.08370044052863 37(6)
0.828	0.836	0.854	0.767	0.721	0.782	0.716	0.757	0.888	0.816	0.810	0.862	0.757	0.771	0.595	0.770	0.714	0.908	0.877	0.403	0.485	
Best of iteration 390 : 0.9691629955947136 8.08370044052863 42(6)
Best of iteration 400 : 0.9823788546255506 6.76211453744493 57(25)
0.858	0.833	0.878	0.745	0.684	0.719	0.686	0.780	0.911	0.851	0.891	0.886	0.711	0.793	0.618	0.764	0.700	0.933	0.944	0.407	0.450	
Best of iteration 410 : 0.973568281938326 7.643171806167402 85(20)
0.854	0.826	0.886	0.748	0.668	0.725	0.697	0.771	0.908	0.876	0.896	0.873	0.718	0.789	0.616	0.767	0.703	0.928	0.951	0.431	0.460	
Delete:	18, 
Best of iteration 420 : 0.9646017699115044 8.539823008849567 20(15)
0.980	0.822	0.775	0.867	0.715	0.741	0.706	0.750	0.839	0.941	0.687	0.714	0.801	0.770	0.678	0.863	0.778	0.803	0.406	0.452	
Delete:	0, 
Best of iteration 430 : 0.9473684210526315 10.26315789473685 21(12)
Best of iteration 440 : 0.9692982456140351 8.070175438596493 23(5)
0.767	0.767	0.871	0.771	0.876	0.894	0.728	0.876	0.836	0.726	0.782	0.832	0.774	0.631	0.683	0.733	0.764	0.509	0.418	
Best of iteration 450 : 0.9780701754385965 7.192982456140342 19(9)
0.764	0.825	0.856	0.853	0.865	0.953	0.799	0.864	0.838	0.762	0.719	0.800	0.661	0.560	0.546	0.744	0.832	0.427	0.431	
Delete:	5, 
Best of iteration 460 : 0.9650655021834061 8.493449781659379 26(13)
0.952	0.656	0.792	0.764	0.672	0.796	0.822	0.805	0.837	0.915	0.901	0.707	0.761	0.616	0.542	0.670	0.288	0.350	
Delete:	0, 
Best of iteration 470 : 0.9557522123893806 9.424778761061944 16(13)
Best of iteration 480 : 0.9823008849557522 6.769911504424783 42(15)
0.831	0.790	0.841	0.762	0.717	0.905	0.892	0.656	0.754	0.703	0.790	0.779	0.679	0.722	0.622	0.398	0.558	
Best of iteration 490 : 0.9823008849557522 6.769911504424783 82(14)
0.859	0.748	0.801	0.653	0.704	0.857	0.923	0.664	0.793	0.690	0.752	0.880	0.648	0.680	0.626	0.412	0.491	
training accuracy 444.0/455.0=	0.9758241758241758
test accuracy 108.0/114.0=	0.9473684210526315
Total time: 522.328
Experiment: 4
Best of iteration 0 : 0.9557522123893806 9.424778761061944 21(11)
Best of iteration 10 : 0.9911504424778761 5.884955752212392 23(16)
0.893	0.849	0.941	0.623	0.898	0.814	0.993	0.829	0.906	0.780	0.913	0.900	0.929	0.755	0.970	0.766	0.719	0.896	0.876	0.841	0.736	0.813	0.739	0.865	0.956	0.751	0.362	0.586	0.822	0.884	
Delete:	6, 
Best of iteration 20 : 0.9824561403508771 6.754385964912288 41(28)
0.889	0.831	0.839	0.835	0.850	0.877	0.818	0.814	0.801	0.732	0.809	0.856	0.703	0.939	0.808	0.783	0.842	0.824	0.907	0.733	0.837	0.694	0.823	0.838	0.838	0.429	0.559	0.853	0.820	
Best of iteration 30 : 0.9824561403508771 6.754385964912288 43(26)
0.833	0.821	0.856	0.759	0.867	0.952	0.868	0.809	0.815	0.777	0.779	0.854	0.660	0.938	0.721	0.771	0.892	0.813	0.837	0.772	0.823	0.697	0.828	0.829	0.851	0.585	0.512	0.833	0.764	
Delete:	5, 
Best of iteration 40 : 0.947136563876652 10.286343612334804 21(18)
Best of iteration 50 : 0.9779735682819384 7.202643171806159 39(17)
0.869	0.800	0.831	0.794	0.892	0.751	0.844	0.794	0.690	0.794	0.902	0.681	0.888	0.898	0.817	0.820	0.837	0.874	0.726	0.898	0.722	0.849	0.863	0.804	0.432	0.579	0.832	0.882	
Best of iteration 60 : 0.9823788546255506 6.76211453744493 47(24)
0.901	0.846	0.818	0.815	0.929	0.806	0.799	0.783	0.622	0.708	0.852	0.682	0.751	0.855	0.836	0.908	0.850	0.791	0.662	0.905	0.735	0.794	0.828	0.792	0.503	0.523	0.868	0.852	
Best of iteration 70 : 0.9955947136563876 5.440528634361243 56(18)
0.891	0.877	0.774	0.754	0.950	0.770	0.758	0.832	0.572	0.672	0.868	0.664	0.794	0.819	0.806	0.878	0.854	0.781	0.730	0.942	0.744	0.793	0.739	0.782	0.429	0.466	0.847	0.823	
Best of iteration 80 : 0.9955947136563876 5.440528634361243 53(17)
Best of iteration 90 : 1.0 5.0 90(21)
0.873	0.875	0.744	0.750	0.960	0.773	0.757	0.824	0.516	0.707	0.874	0.678	0.789	0.805	0.784	0.897	0.851	0.786	0.763	0.938	0.751	0.792	0.743	0.775	0.401	0.480	0.825	0.806	
Delete:	4, 
Best of iteration 100 : 0.9691629955947136 8.08370044052863 72(20)
0.901	0.771	0.753	0.884	0.781	0.569	0.820	0.707	0.857	0.901	0.653	0.913	0.915	0.744	0.850	0.773	0.836	0.636	0.770	0.740	0.806	0.714	0.763	0.376	0.568	0.828	0.972	
Delete:	26, 
Best of iteration 110 : 0.9647577092511013 8.524229074889874 14(8)
0.858	0.786	0.756	0.893	0.819	0.818	0.808	0.667	0.801	0.918	0.627	0.881	0.851	0.848	0.841	0.842	0.870	0.784	0.827	0.740	0.860	0.844	0.817	0.396	0.583	0.901	
Best of iteration 120 : 0.9779735682819384 7.202643171806159 44(16)
0.881	0.711	0.694	0.912	0.784	0.808	0.806	0.651	0.751	0.943	0.641	0.923	0.886	0.840	0.862	0.858	0.821	0.705	0.780	0.709	0.911	0.851	0.803	0.236	0.473	0.903	
Best of iteration 130 : 0.9823788546255506 6.76211453744493 41(14)
Best of iteration 140 : 0.986784140969163 6.321585903083701 93(31)
0.864	0.729	0.714	0.898	0.771	0.796	0.828	0.634	0.752	0.940	0.625	0.894	0.874	0.822	0.854	0.846	0.771	0.656	0.789	0.700	0.925	0.884	0.779	0.196	0.410	0.900	
Best of iteration 150 : 0.9955947136563876 5.440528634361243 121(20)
0.866	0.735	0.705	0.881	0.785	0.809	0.800	0.624	0.747	0.954	0.617	0.895	0.854	0.826	0.835	0.845	0.772	0.649	0.803	0.693	0.939	0.889	0.780	0.167	0.385	0.901	
Delete:	9, 
Best of iteration 160 : 0.9649122807017544 8.508771929824562 31(22)
0.827	0.892	0.845	0.831	0.846	0.645	0.918	0.642	0.896	0.642	0.924	0.926	0.792	0.790	0.666	0.911	0.741	0.789	0.667	0.865	0.849	0.745	0.440	0.562	0.869	
Best of iteration 170 : 0.9824561403508771 6.754385964912288 38(17)
Best of iteration 180 : 0.9868421052631579 6.3157894736842195 56(19)
0.856	0.835	0.912	0.816	0.838	0.741	0.977	0.503	0.833	0.696	0.929	0.954	0.864	0.769	0.724	0.877	0.738	0.798	0.640	0.818	0.784	0.714	0.507	0.484	0.895	
Delete:	6, 
Best of iteration 190 : 0.9690265486725663 8.09734513274337 17(11)
0.769	0.831	0.779	0.878	0.766	0.824	0.666	0.814	0.673	0.800	0.931	0.787	0.898	0.803	0.820	0.606	0.823	0.764	0.864	0.800	0.860	0.341	0.523	0.817	
Best of iteration 200 : 0.9778761061946902 7.212389380530979 22(11)
0.676	0.801	0.814	0.871	0.754	0.797	0.628	0.823	0.703	0.774	0.924	0.787	0.900	0.748	0.826	0.537	0.821	0.780	0.800	0.810	0.843	0.373	0.606	0.848	
Best of iteration 210 : 0.9823008849557522 6.769911504424783 33(12)
Best of iteration 220 : 0.9823008849557522 6.769911504424783 35(13)
0.759	0.790	0.853	0.733	0.698	0.903	0.633	0.858	0.668	0.848	0.904	0.851	0.944	0.699	0.785	0.453	0.745	0.834	0.757	0.907	0.829	0.327	0.657	0.883	
Best of iteration 230 : 0.9778761061946902 7.212389380530979 29(10)
0.842	0.765	0.845	0.666	0.641	0.966	0.664	0.853	0.698	0.964	0.847	0.852	0.959	0.711	0.705	0.376	0.652	0.853	0.808	0.998	0.895	0.253	0.727	0.881	
Delete:	19, 
Best of iteration 240 : 0.9690265486725663 8.09734513274337 18(11)
0.887	0.890	0.913	0.753	0.799	0.846	0.700	0.758	0.739	0.960	0.853	0.744	0.873	0.821	0.909	0.668	0.698	0.773	0.750	0.808	0.302	0.493	0.831	
Delete:	9, 
Best of iteration 250 : 0.9559471365638766 9.405286343612332 23(13)
0.776	0.755	0.830	0.882	0.783	0.810	0.730	0.784	0.710	0.822	0.794	0.910	0.839	0.924	0.782	0.888	0.684	0.680	0.829	0.440	0.635	0.925	
Best of iteration 260 : 0.9691629955947136 8.08370044052863 25(13)
Best of iteration 270 : 0.9779735682819384 7.202643171806159 44(10)
0.810	0.698	0.876	0.809	0.772	0.887	0.777	0.826	0.703	0.775	0.814	0.848	0.816	0.928	0.787	0.908	0.698	0.606	0.784	0.486	0.556	0.921	
Best of iteration 280 : 0.986784140969163 6.321585903083701 65(22)
0.812	0.677	0.898	0.779	0.761	0.828	0.812	0.799	0.696	0.733	0.833	0.851	0.834	0.981	0.776	0.901	0.673	0.584	0.810	0.434	0.541	0.925	
Delete:	13, 
Best of iteration 290 : 0.9605263157894737 8.94736842105263 14(4)
0.828	0.847	0.685	0.775	0.773	0.823	0.675	0.847	0.711	0.758	0.759	0.802	0.818	0.724	0.562	0.722	0.826	0.623	0.420	0.461	0.893	
Best of iteration 300 : 0.9692982456140351 8.070175438596493 18(5)
Best of iteration 310 : 0.9824561403508771 6.754385964912288 64(30)
0.894	0.909	0.603	0.742	0.710	0.817	0.592	0.848	0.715	0.804	0.811	0.840	0.819	0.626	0.505	0.704	0.929	0.504	0.480	0.518	0.881	
Best of iteration 320 : 0.9868421052631579 6.3157894736842195 55(15)
0.900	0.926	0.648	0.715	0.668	0.821	0.638	0.839	0.760	0.802	0.799	0.834	0.843	0.617	0.541	0.718	0.952	0.536	0.431	0.516	0.854	
Delete:	16, 
Best of iteration 330 : 0.9515418502202643 9.845814977973575 14(9)
0.851	0.622	0.817	0.691	0.727	0.903	0.797	0.869	0.767	0.868	0.865	0.875	0.773	0.700	0.839	0.775	0.876	0.515	0.316	0.871	
Best of iteration 340 : 0.9647577092511013 8.524229074889874 15(9)
Best of iteration 350 : 0.9779735682819384 7.202643171806159 28(18)
0.899	0.608	0.783	0.764	0.629	0.750	0.580	0.759	0.855	0.812	0.773	0.709	0.864	0.587	0.681	0.768	0.868	0.333	0.359	0.886	
Best of iteration 360 : 0.9823788546255506 6.76211453744493 106(15)
0.904	0.605	0.791	0.764	0.610	0.734	0.566	0.751	0.863	0.812	0.767	0.693	0.882	0.616	0.668	0.788	0.883	0.339	0.368	0.885	
Best of iteration 370 : 0.9955947136563876 5.440528634361243 293(16)
0.900	0.606	0.796	0.765	0.626	0.738	0.560	0.751	0.856	0.808	0.755	0.697	0.881	0.607	0.661	0.785	0.872	0.337	0.372	0.886	
Best of iteration 380 : 0.9823788546255506 6.76211453744493 281(9)
0.899	0.603	0.793	0.766	0.629	0.729	0.551	0.748	0.859	0.809	0.759	0.695	0.886	0.606	0.653	0.782	0.871	0.338	0.373	0.890	
Best of iteration 390 : 0.9647577092511013 8.524229074889874 269(12)
Best of iteration 400 : 0.9647577092511013 8.524229074889874 344(12)
0.900	0.604	0.796	0.763	0.630	0.734	0.556	0.751	0.855	0.809	0.758	0.695	0.884	0.611	0.656	0.784	0.873	0.338	0.371	0.888	
Best of iteration 410 : 0.9691629955947136 8.08370044052863 11(10)
0.896	0.715	0.828	0.675	0.621	0.933	0.759	0.930	0.825	0.892	0.720	0.874	0.897	0.629	0.723	0.816	0.907	0.468	0.347	0.866	
Best of iteration 420 : 0.9691629955947136 8.08370044052863 20(10)
0.908	0.727	0.801	0.655	0.630	0.969	0.796	0.919	0.832	0.906	0.741	0.856	0.889	0.665	0.727	0.808	0.874	0.479	0.339	0.883	
Delete:	5, 
Best of iteration 430 : 0.9427312775330396 10.726872246696033 21(15)
Best of iteration 440 : 0.9823788546255506 6.76211453744493 22(12)
0.852	0.827	0.795	0.871	0.765	0.730	0.942	0.690	0.867	0.758	0.809	0.843	0.677	0.762	0.739	0.743	0.386	0.517	0.904	
Best of iteration 450 : 0.986784140969163 6.321585903083701 16(8)
0.835	0.756	0.867	0.775	0.777	0.701	0.935	0.837	0.952	0.722	0.972	0.940	0.462	0.764	0.706	0.574	0.488	0.268	0.943	
Delete:	10, 
Best of iteration 460 : 0.9559471365638766 9.405286343612332 21(15)
0.926	0.794	0.659	0.894	0.812	0.718	0.676	0.835	0.780	0.764	0.616	0.724	0.764	0.779	0.647	0.356	0.351	0.908	
Best of iteration 470 : 0.960352422907489 8.964757709251103 55(27)
Best of iteration 480 : 0.9647577092511013 8.524229074889874 35(17)
0.945	0.781	0.597	0.869	0.833	0.614	0.600	0.817	0.751	0.792	0.625	0.697	0.861	0.723	0.710	0.345	0.308	0.901	
Best of iteration 490 : 0.9779735682819384 7.202643171806159 102(12)
0.952	0.799	0.587	0.872	0.824	0.618	0.583	0.815	0.746	0.781	0.602	0.714	0.870	0.731	0.703	0.361	0.288	0.902	
Delete:	0, 
training accuracy 430.0/455.0=	0.945054945054945
test accuracy 108.0/114.0=	0.9473684210526315
Total time: 699.484
Experiment: 5
Best of iteration 0 : 0.9473684210526315 10.26315789473685 21(13)
Best of iteration 10 : 0.9824561403508771 6.754385964912288 52(18)
0.871	0.831	0.891	0.849	0.823	0.865	0.826	0.785	0.879	0.860	0.788	0.820	0.844	0.663	0.926	0.892	0.821	0.785	0.902	0.850	0.714	0.855	0.757	0.785	0.815	0.818	0.471	0.557	0.902	0.924	
Best of iteration 20 : 1.0 5.0 79(19)
0.841	0.807	0.904	0.836	0.840	0.884	0.913	0.770	0.884	0.851	0.775	0.809	0.847	0.635	0.901	0.826	0.807	0.770	0.916	0.866	0.678	0.777	0.817	0.804	0.777	0.819	0.499	0.589	0.896	0.894	
Best of iteration 30 : 1.0 5.0 39(18)
0.858	0.797	0.908	0.877	0.787	0.890	0.893	0.807	0.799	0.879	0.770	0.814	0.883	0.689	0.903	0.851	0.823	0.843	0.909	0.882	0.688	0.756	0.837	0.750	0.774	0.790	0.442	0.531	0.932	0.842	
Best of iteration 40 : 1.0 5.0 92(14)
Best of iteration 50 : 1.0 5.0 205(14)
0.860	0.754	0.908	0.892	0.754	0.914	0.908	0.850	0.836	0.894	0.729	0.835	0.913	0.688	0.897	0.847	0.851	0.853	0.899	0.859	0.711	0.728	0.840	0.736	0.785	0.760	0.460	0.544	0.953	0.824	
Delete:	28, 
Best of iteration 60 : 0.956140350877193 9.385964912280699 22(11)
0.821	0.769	0.905	0.826	0.868	0.882	0.829	0.831	0.867	0.846	0.723	0.891	0.905	0.758	0.932	0.897	0.809	0.911	0.868	0.871	0.706	0.815	0.617	0.842	0.844	0.907	0.575	0.610	0.890	
Best of iteration 70 : 0.9780701754385965 7.192982456140342 74(12)
0.854	0.751	0.917	0.815	0.883	0.906	0.860	0.818	0.837	0.850	0.736	0.951	0.866	0.800	0.883	0.921	0.785	0.890	0.877	0.909	0.704	0.904	0.543	0.834	0.806	0.937	0.534	0.619	0.870	
Delete:	11, 
Best of iteration 80 : 0.9557522123893806 9.424778761061944 21(17)
Best of iteration 90 : 0.9911504424778761 5.884955752212392 55(22)
0.916	0.913	0.852	0.762	0.829	0.827	0.811	0.871	0.842	0.885	0.601	0.861	0.715	0.840	0.886	0.783	0.933	0.943	0.824	0.703	0.797	0.684	0.781	0.737	0.818	0.364	0.531	0.884	
Best of iteration 100 : 0.9911504424778761 5.884955752212392 47(11)
0.927	0.902	0.916	0.693	0.865	0.908	0.907	0.905	0.810	0.841	0.645	0.896	0.700	0.814	0.907	0.710	0.990	0.979	0.821	0.625	0.753	0.760	0.788	0.691	0.857	0.302	0.542	0.844	
Delete:	16, 
Best of iteration 110 : 0.9649122807017544 8.508771929824562 32(15)
0.858	0.943	0.847	0.892	0.776	0.871	0.714	0.846	0.847	0.849	0.666	0.924	0.778	0.951	0.842	0.824	0.864	0.873	0.811	0.817	0.738	0.661	0.675	0.845	0.407	0.570	0.946	
Delete:	13, 
Best of iteration 120 : 0.9432314410480349 10.67685589519651 24(22)
0.833	0.828	0.882	0.899	0.793	0.857	0.760	0.823	0.883	0.844	0.655	0.918	0.745	0.856	0.848	0.950	0.875	0.710	0.812	0.730	0.822	0.783	0.874	0.390	0.451	0.872	
Best of iteration 130 : 0.9606986899563319 8.930131004366814 28(11)
Best of iteration 140 : 0.9737991266375546 7.620087336244538 40(15)
0.898	0.791	0.848	0.915	0.842	0.839	0.677	0.890	0.817	0.862	0.617	0.953	0.720	0.794	0.801	0.928	0.796	0.680	0.807	0.863	0.846	0.811	0.887	0.390	0.473	0.912	
Delete:	11, 
Best of iteration 150 : 0.9736842105263158 7.631578947368425 12(6)
0.830	0.874	0.911	0.892	0.882	0.807	0.743	0.874	0.884	0.938	0.698	0.694	0.848	0.766	0.828	0.793	0.717	0.840	0.713	0.726	0.870	0.701	0.485	0.562	0.887	
Best of iteration 160 : 0.9780701754385965 7.192982456140342 27(13)
0.785	0.854	0.937	0.933	0.931	0.838	0.733	0.830	0.901	0.894	0.738	0.731	0.823	0.723	0.892	0.789	0.722	0.863	0.678	0.612	0.874	0.669	0.302	0.446	0.891	
Best of iteration 170 : 0.9824561403508771 6.754385964912288 29(14)
Best of iteration 180 : 0.9868421052631579 6.3157894736842195 46(23)
0.788	0.797	0.934	0.925	0.954	0.872	0.679	0.832	0.913	0.896	0.775	0.672	0.814	0.739	0.868	0.821	0.723	0.836	0.700	0.681	0.870	0.718	0.289	0.480	0.883	
Delete:	4, 
Best of iteration 190 : 0.973568281938326 7.643171806167402 37(24)
0.815	0.774	0.867	0.873	0.835	0.799	0.795	0.891	0.824	0.660	0.700	0.871	0.860	0.805	0.912	0.759	0.801	0.656	0.846	0.791	0.792	0.453	0.448	0.859	
Best of iteration 200 : 0.973568281938326 7.643171806167402 49(10)
0.764	0.762	0.895	0.881	0.812	0.865	0.641	0.843	0.910	0.450	0.753	0.871	0.884	0.900	0.951	0.738	0.772	0.641	0.718	0.776	0.777	0.499	0.376	0.911	
Delete:	14, 
Best of iteration 210 : 0.9515418502202643 9.845814977973575 30(13)
Best of iteration 220 : 0.9823788546255506 6.76211453744493 29(16)
0.794	0.790	0.908	0.874	0.829	0.774	0.792	0.778	0.735	0.732	0.557	0.809	0.882	0.803	0.740	0.793	0.645	0.862	0.822	0.893	0.428	0.532	0.863	
Best of iteration 230 : 0.986784140969163 6.321585903083701 47(18)
0.776	0.765	0.913	0.929	0.781	0.796	0.834	0.775	0.645	0.706	0.510	0.765	0.931	0.711	0.726	0.836	0.639	0.854	0.820	0.889	0.425	0.486	0.819	
Best of iteration 240 : 0.9779735682819384 7.202643171806159 41(13)
0.679	0.709	0.927	0.969	0.777	0.775	0.812	0.787	0.585	0.695	0.506	0.717	0.966	0.688	0.799	0.873	0.581	0.872	0.819	0.918	0.385	0.481	0.814	
Delete:	3, 
Best of iteration 250 : 0.9691629955947136 8.08370044052863 19(10)
0.783	0.790	0.802	0.785	0.756	0.735	0.912	0.881	0.630	0.735	0.838	0.784	0.840	0.860	0.828	0.617	0.832	0.804	0.776	0.466	0.407	0.751	
Best of iteration 260 : 0.9779735682819384 7.202643171806159 48(16)
Best of iteration 270 : 0.9823788546255506 6.76211453744493 14(9)
0.762	0.741	0.800	0.841	0.735	0.717	0.962	0.869	0.632	0.818	0.823	0.863	0.788	0.919	0.862	0.655	0.833	0.801	0.846	0.493	0.394	0.771	
Delete:	6, 
Best of iteration 280 : 0.960352422907489 8.964757709251103 25(15)
0.830	0.767	0.890	0.891	0.793	0.898	0.770	0.565	0.604	0.833	0.819	0.815	0.686	0.819	0.755	0.756	0.751	0.677	0.351	0.620	0.910	
Best of iteration 290 : 0.960352422907489 8.964757709251103 13(8)
0.977	0.807	0.997	0.912	0.776	0.865	0.778	0.499	0.562	0.909	0.819	0.916	0.590	0.775	0.741	0.622	0.700	0.674	0.241	0.570	0.976	
Delete:	2, 
Best of iteration 300 : 0.9517543859649122 9.824561403508781 21(11)
Best of iteration 310 : 0.9780701754385965 7.192982456140342 46(17)
0.839	0.795	0.800	0.819	0.771	0.815	0.606	0.759	0.848	0.852	0.877	0.642	0.755	0.730	0.825	0.795	0.832	0.442	0.466	0.828	
Best of iteration 320 : 0.9868421052631579 6.3157894736842195 19(10)
0.728	0.785	0.822	0.824	0.743	0.823	0.703	0.749	0.862	0.829	0.936	0.622	0.666	0.810	0.839	0.757	0.844	0.410	0.468	0.852	
Best of iteration 330 : 0.9912280701754386 5.877192982456137 31(13)
0.588	0.827	0.801	0.784	0.745	0.843	0.817	0.749	0.848	0.747	0.994	0.607	0.628	0.829	0.856	0.747	0.904	0.409	0.516	0.919	
Delete:	10, 
Best of iteration 340 : 0.947136563876652 10.286343612334804 21(18)
Best of iteration 350 : 0.9691629955947136 8.08370044052863 29(7)
0.878	0.754	0.776	0.742	0.711	0.841	0.628	0.682	0.818	0.842	0.709	0.817	0.697	0.767	0.832	0.878	0.433	0.510	0.806	
Best of iteration 360 : 0.9779735682819384 7.202643171806159 21(12)
0.864	0.723	0.726	0.829	0.775	0.853	0.666	0.655	0.766	0.788	0.677	0.786	0.662	0.730	0.752	0.984	0.473	0.644	0.738	
Delete:	15, 
Best of iteration 370 : 0.9779735682819384 7.202643171806159 29(8)
0.749	0.766	0.867	0.852	0.725	0.854	0.644	0.956	0.735	0.855	0.737	0.701	0.825	0.840	0.567	0.391	0.468	0.860	
Delete:	7, 
Best of iteration 380 : 0.9647577092511013 8.524229074889874 15(6)
0.844	0.914	0.826	0.912	0.538	0.871	0.647	0.875	0.744	0.643	0.768	0.720	0.709	0.786	0.483	0.596	0.808	
Best of iteration 390 : 0.9911894273127754 5.881057268722458 27(7)
Best of iteration 400 : 0.9955947136563876 5.440528634361243 37(8)
0.901	0.925	0.770	0.892	0.620	0.958	0.630	0.920	0.797	0.605	0.636	0.745	0.582	0.713	0.429	0.737	0.947	
Delete:	5, 
Best of iteration 410 : 0.9736842105263158 7.631578947368425 9(7)
0.756	0.549	0.969	0.798	0.774	0.800	0.945	0.970	0.810	0.858	0.796	0.440	0.837	0.484	0.532	0.938	
Delete:	7, 
Best of iteration 420 : 0.9734513274336283 7.654867256637175 17(15)
0.781	0.702	0.829	0.759	0.747	0.706	0.833	0.566	0.791	0.669	0.740	0.738	0.393	0.448	0.798	
Best of iteration 430 : 0.9911504424778761 5.884955752212392 23(11)
Best of iteration 440 : 0.9911504424778761 5.884955752212392 27(9)
0.775	0.581	0.803	0.778	0.786	0.825	0.830	0.576	0.781	0.653	0.644	0.775	0.411	0.403	0.816	
Best of iteration 450 : 0.9911504424778761 5.884955752212392 24(8)
0.809	0.552	0.813	0.734	0.821	0.866	0.798	0.586	0.772	0.700	0.563	0.786	0.410	0.389	0.789	
Best of iteration 460 : 0.9911504424778761 5.884955752212392 32(9)
0.809	0.554	0.827	0.737	0.836	0.871	0.785	0.598	0.776	0.711	0.542	0.779	0.402	0.376	0.771	
Best of iteration 470 : 0.9867256637168141 6.3274336283185875 42(8)
Best of iteration 480 : 0.9911504424778761 5.884955752212392 28(8)
0.814	0.553	0.832	0.740	0.841	0.867	0.782	0.612	0.764	0.723	0.544	0.780	0.396	0.368	0.756	
Best of iteration 490 : 0.9867256637168141 6.3274336283185875 67(8)
0.812	0.559	0.838	0.739	0.845	0.865	0.777	0.619	0.766	0.741	0.530	0.783	0.388	0.366	0.761	
training accuracy 444.0/455.0=	0.9758241758241758
test accuracy 110.0/114.0=	0.9649122807017544
Total time: 320.532
Experiment: 6
Best of iteration 0 : 0.960352422907489 8.964757709251103 21(13)
Best of iteration 10 : 0.9823788546255506 6.76211453744493 52(11)
0.843	0.783	0.853	0.844	0.900	0.848	0.845	0.844	0.925	0.903	0.783	0.894	0.840	0.582	0.933	0.879	0.811	0.976	0.909	0.849	0.714	0.796	0.735	0.731	0.896	0.880	0.296	0.570	0.833	0.905	
Delete:	17, 
Best of iteration 20 : 0.956140350877193 9.385964912280699 49(29)
0.828	0.797	0.916	0.811	0.917	0.924	0.716	0.795	0.918	0.946	0.780	0.950	0.970	0.528	0.931	0.946	0.863	0.875	0.883	0.824	0.839	0.789	0.774	0.933	0.925	0.595	0.615	0.959	0.792	
Delete:	12, 
Best of iteration 30 : 0.9647577092511013 8.524229074889874 42(22)
0.859	0.832	0.889	0.906	0.844	0.745	0.737	0.884	0.807	0.882	0.682	0.872	0.664	0.881	0.897	0.830	0.792	0.932	0.740	0.834	0.652	0.766	0.877	0.844	0.462	0.512	0.900	0.897	
Best of iteration 40 : 0.9823788546255506 6.76211453744493 56(14)
Best of iteration 50 : 0.986784140969163 6.321585903083701 61(21)
0.840	0.860	0.889	0.896	0.903	0.751	0.790	0.925	0.771	0.903	0.747	0.841	0.752	0.826	0.881	0.845	0.749	0.870	0.651	0.813	0.674	0.774	0.844	0.833	0.491	0.455	0.903	0.841	
Best of iteration 60 : 0.9955947136563876 5.440528634361243 108(38)
0.829	0.869	0.951	0.939	0.881	0.795	0.786	0.945	0.756	0.913	0.724	0.869	0.749	0.832	0.858	0.828	0.849	0.875	0.582	0.782	0.690	0.836	0.852	0.864	0.507	0.476	0.870	0.856	
Delete:	2, 
Best of iteration 70 : 0.9780701754385965 7.192982456140342 40(33)
0.825	0.794	0.849	0.838	0.849	0.887	0.785	0.774	0.752	0.636	0.972	0.678	0.933	0.852	0.864	0.925	0.879	0.734	0.869	0.754	0.812	0.750	0.807	0.501	0.546	0.945	0.927	
Delete:	10, 
Best of iteration 80 : 0.9778761061946902 7.212389380530979 22(13)
Best of iteration 90 : 1.0 5.0 21(13)
0.907	0.892	0.870	0.704	0.838	0.722	0.864	0.895	0.816	0.678	0.756	0.903	0.927	0.822	0.877	0.937	0.760	0.804	0.703	0.685	0.877	0.758	0.310	0.554	0.939	0.919	
Best of iteration 100 : 1.0 5.0 46(12)
0.871	0.846	0.872	0.738	0.782	0.741	0.825	0.875	0.864	0.700	0.780	0.835	0.891	0.823	0.899	0.941	0.794	0.873	0.698	0.607	0.863	0.726	0.299	0.528	0.909	0.894	
Best of iteration 110 : 1.0 5.0 90(12)
0.893	0.818	0.861	0.757	0.770	0.746	0.840	0.845	0.884	0.656	0.792	0.837	0.879	0.807	0.933	0.923	0.753	0.841	0.718	0.641	0.854	0.729	0.320	0.516	0.927	0.876	
Best of iteration 120 : 1.0 5.0 96(16)
0.877	0.818	0.848	0.770	0.777	0.759	0.866	0.831	0.897	0.652	0.826	0.835	0.886	0.796	0.943	0.927	0.744	0.816	0.714	0.623	0.843	0.745	0.292	0.502	0.921	0.895	
Best of iteration 130 : 1.0 5.0 221(14)
Best of iteration 140 : 0.995575221238938 5.442477876106196 110(8)
0.875	0.841	0.849	0.750	0.766	0.772	0.869	0.830	0.896	0.657	0.849	0.821	0.883	0.806	0.939	0.926	0.753	0.796	0.719	0.603	0.849	0.768	0.277	0.493	0.912	0.907	
Best of iteration 150 : 0.995575221238938 5.442477876106196 149(9)
0.872	0.839	0.842	0.757	0.759	0.778	0.870	0.825	0.911	0.670	0.840	0.823	0.884	0.798	0.940	0.930	0.772	0.788	0.708	0.598	0.856	0.762	0.281	0.504	0.913	0.916	
Best of iteration 160 : 0.995575221238938 5.442477876106196 14(8)
0.912	0.819	0.682	0.801	0.778	0.887	0.861	0.917	0.920	0.740	0.696	0.863	0.981	0.835	0.988	0.860	0.596	0.836	0.874	0.737	0.912	0.823	0.375	0.270	0.987	0.820	
Delete:	14, 
Best of iteration 170 : 0.9432314410480349 10.67685589519651 21(12)
Best of iteration 180 : 0.9606986899563319 8.930131004366814 15(8)
0.848	0.853	0.791	0.927	0.938	0.874	0.747	0.902	0.935	0.719	0.642	0.857	0.840	0.936	0.866	0.634	0.733	0.652	0.729	0.850	0.891	0.366	0.712	0.826	0.817	
Best of iteration 190 : 0.9606986899563319 8.930131004366814 15(8)
0.893	0.878	0.769	0.907	0.871	0.799	0.755	0.945	0.892	0.701	0.790	0.857	0.887	0.933	0.918	0.731	0.720	0.501	0.767	0.824	0.808	0.475	0.606	0.882	0.888	
Best of iteration 200 : 0.9737991266375546 7.620087336244538 27(13)
0.840	0.801	0.709	0.846	0.812	0.854	0.776	0.816	0.837	0.748	0.850	0.855	0.787	0.973	0.903	0.604	0.725	0.584	0.874	0.886	0.848	0.328	0.679	0.829	0.864	
Delete:	13, 
Best of iteration 210 : 0.9646017699115044 8.539823008849567 21(15)
Best of iteration 220 : 0.9911504424778761 5.884955752212392 22(17)
0.798	0.945	0.876	0.764	0.807	0.785	0.732	0.835	0.876	0.663	0.757	0.840	0.901	0.772	0.682	0.852	0.797	0.744	0.734	0.851	0.423	0.605	0.935	0.865	
Best of iteration 230 : 0.9911504424778761 5.884955752212392 24(11)
0.851	0.971	0.921	0.678	0.845	0.782	0.684	0.794	0.896	0.652	0.797	0.830	0.877	0.790	0.687	0.905	0.862	0.733	0.719	0.761	0.392	0.472	0.953	0.853	
Delete:	1, 
Best of iteration 240 : 0.973568281938326 7.643171806167402 26(15)
0.831	0.892	0.699	0.719	0.925	0.816	0.865	0.848	0.537	0.699	0.866	0.925	0.919	0.731	0.721	0.638	0.670	0.830	0.946	0.481	0.543	0.846	0.966	
Delete:	22, 
Best of iteration 250 : 0.9559471365638766 9.405286343612332 4(4)
0.834	0.817	0.793	0.884	0.818	0.747	0.796	0.835	0.790	0.650	0.915	0.819	0.845	0.728	0.655	0.772	0.769	0.850	0.727	0.443	0.549	0.958	
Delete:	21, 
Best of iteration 260 : 0.9601769911504425 8.982300884955748 21(14)
Best of iteration 270 : 0.9601769911504425 8.982300884955748 16(10)
0.806	0.776	0.764	0.856	0.794	0.800	0.717	0.775	0.540	0.827	0.773	0.826	0.865	0.639	0.714	0.642	0.701	0.850	0.838	0.292	0.570	
Best of iteration 280 : 0.9734513274336283 7.654867256637175 60(20)
0.829	0.683	0.864	0.821	0.725	0.745	0.806	0.937	0.651	0.914	0.630	0.813	0.925	0.701	0.598	0.643	0.758	0.824	0.682	0.256	0.620	
Best of iteration 290 : 0.9823008849557522 6.769911504424783 23(15)
0.855	0.659	0.866	0.785	0.766	0.781	0.892	0.940	0.716	0.871	0.641	0.809	0.984	0.667	0.570	0.697	0.739	0.758	0.639	0.229	0.602	
Delete:	12, 
Best of iteration 300 : 0.9647577092511013 8.524229074889874 21(11)
Best of iteration 310 : 0.973568281938326 7.643171806167402 33(13)
0.905	0.804	0.636	0.889	0.730	0.796	0.756	0.857	0.675	0.721	0.919	0.821	0.768	0.524	0.783	0.723	0.790	0.854	0.388	0.433	
Best of iteration 320 : 0.973568281938326 7.643171806167402 16(10)
0.913	0.835	0.616	0.888	0.731	0.811	0.745	0.858	0.701	0.773	0.923	0.811	0.801	0.481	0.807	0.607	0.803	0.840	0.350	0.425	
Best of iteration 330 : 0.9823788546255506 6.76211453744493 15(11)
0.896	0.856	0.668	0.961	0.720	0.724	0.706	0.862	0.706	0.817	0.851	0.798	0.857	0.509	0.844	0.610	0.811	0.778	0.384	0.391	
Delete:	3, 
Best of iteration 340 : 0.973568281938326 7.643171806167402 24(17)
Best of iteration 350 : 0.9779735682819384 7.202643171806159 31(12)
0.745	0.830	0.816	0.758	0.788	0.883	0.865	0.786	0.779	0.770	0.770	0.601	0.744	0.557	0.801	0.736	0.828	0.378	0.692	
Best of iteration 360 : 0.9823788546255506 6.76211453744493 24(12)
0.781	0.877	0.805	0.708	0.784	0.899	0.881	0.734	0.684	0.777	0.858	0.557	0.781	0.609	0.746	0.736	0.787	0.409	0.649	
Best of iteration 370 : 0.9911894273127754 5.881057268722458 49(20)
0.775	0.906	0.836	0.693	0.807	0.896	0.870	0.735	0.706	0.738	0.887	0.569	0.781	0.641	0.734	0.724	0.778	0.406	0.660	
Best of iteration 380 : 0.9823788546255506 6.76211453744493 32(10)
0.834	0.891	0.852	0.758	0.742	0.881	0.833	0.748	0.778	0.654	0.921	0.499	0.741	0.620	0.758	0.750	0.744	0.521	0.685	
Best of iteration 390 : 0.9823788546255506 6.76211453744493 19(10)
Best of iteration 400 : 0.9823788546255506 6.76211453744493 94(10)
0.859	0.916	0.841	0.812	0.703	0.867	0.834	0.702	0.764	0.621	0.962	0.460	0.785	0.507	0.800	0.743	0.609	0.582	0.714	
Delete:	10, 
Best of iteration 410 : 0.9515418502202643 9.845814977973575 17(8)
0.883	0.772	0.670	0.817	0.793	0.715	0.789	0.717	0.798	0.842	0.826	0.759	0.628	0.714	0.840	0.743	0.369	0.379	
Best of iteration 420 : 0.9779735682819384 7.202643171806159 41(20)
0.861	0.733	0.665	0.780	0.834	0.782	0.767	0.716	0.776	0.837	0.831	0.789	0.613	0.694	0.862	0.741	0.400	0.424	
Best of iteration 430 : 1.0 5.0 67(16)
Best of iteration 440 : 0.9955947136563876 5.440528634361243 57(24)
0.870	0.760	0.663	0.794	0.868	0.806	0.761	0.721	0.805	0.861	0.847	0.772	0.616	0.709	0.852	0.735	0.351	0.370	
Best of iteration 450 : 0.9779735682819384 7.202643171806159 87(10)
0.930	0.728	0.619	0.771	0.928	0.839	0.768	0.729	0.847	0.871	0.838	0.737	0.653	0.752	0.840	0.709	0.291	0.334	
Best of iteration 460 : 0.9779735682819384 7.202643171806159 106(10)
0.928	0.714	0.599	0.764	0.936	0.847	0.768	0.747	0.852	0.865	0.836	0.745	0.631	0.750	0.851	0.716	0.292	0.339	
Best of iteration 470 : 0.9779735682819384 7.202643171806159 239(10)
Best of iteration 480 : 0.9779735682819384 7.202643171806159 100(10)
0.920	0.704	0.568	0.747	0.943	0.852	0.758	0.755	0.864	0.856	0.837	0.771	0.605	0.744	0.864	0.725	0.313	0.351	
Best of iteration 490 : 0.986784140969163 6.321585903083701 20(8)
0.980	0.773	0.892	0.627	0.817	0.880	0.925	0.599	0.809	0.736	0.877	0.672	0.633	0.820	0.793	0.648	0.311	0.243	
Delete:	0, 
training accuracy 437.0/455.0=	0.9604395604395605
test accuracy 111.0/114.0=	0.9736842105263158
Total time: 525.172
Experiment: 7
Best of iteration 0 : 0.9517543859649122 9.824561403508781 21(12)
Best of iteration 10 : 0.9780701754385965 7.192982456140342 37(15)
0.816	0.843	0.853	0.860	0.792	0.870	0.908	0.836	0.912	0.837	0.732	0.886	0.844	0.687	0.889	0.878	0.896	0.962	0.908	0.915	0.813	0.824	0.822	0.761	0.811	0.812	0.375	0.544	0.840	0.900	
Delete:	17, 
Best of iteration 20 : 0.9737991266375546 7.620087336244538 29(24)
0.927	0.795	0.850	0.868	0.801	0.890	0.754	0.868	0.803	0.787	0.699	0.877	0.859	0.707	0.876	0.840	0.825	0.871	0.882	0.808	0.828	0.721	0.833	0.796	0.846	0.431	0.575	0.908	0.907	
Best of iteration 30 : 0.9737991266375546 7.620087336244538 46(16)
0.961	0.853	0.840	0.864	0.799	0.954	0.733	0.861	0.751	0.853	0.725	0.905	0.849	0.693	0.912	0.979	0.811	0.812	0.949	0.694	0.846	0.735	0.823	0.794	0.857	0.427	0.684	0.976	0.890	
Delete:	15, 
Best of iteration 40 : 0.9475982532751092 10.24017467248909 21(16)
Best of iteration 50 : 0.9694323144104804 8.056768558951958 51(25)
0.818	0.861	0.864	0.903	0.765	0.940	0.917	0.809	0.731	0.887	0.747	0.895	0.843	0.664	0.962	0.786	0.857	0.926	0.700	0.716	0.631	0.781	0.840	0.851	0.372	0.564	0.959	0.811	
Delete:	14, 
Best of iteration 60 : 0.9647577092511013 8.524229074889874 10(6)
0.955	0.853	0.812	0.798	0.969	0.901	0.789	0.811	0.979	0.908	0.532	0.939	0.927	0.725	0.967	0.959	0.944	0.634	0.850	0.567	0.688	0.855	0.794	0.462	0.682	0.942	0.813	
Delete:	8, 
Best of iteration 70 : 0.9519650655021834 9.803493449781655 20(16)
0.787	0.910	0.780	0.836	0.838	0.911	0.836	0.906	0.969	0.624	0.813	0.873	0.758	0.753	0.906	0.755	0.814	0.797	0.698	0.892	0.783	0.793	0.441	0.422	0.766	0.893	
Delete:	8, 
Best of iteration 80 : 0.9517543859649122 9.824561403508781 21(13)
Best of iteration 90 : 0.9824561403508771 6.754385964912288 47(8)
0.840	0.823	0.855	0.886	0.761	0.936	0.750	0.875	0.575	0.908	0.819	0.637	0.758	0.766	0.862	0.842	0.768	0.759	0.727	0.872	0.787	0.364	0.463	0.867	0.866	
Best of iteration 100 : 0.9868421052631579 6.3157894736842195 44(20)
0.838	0.857	0.829	0.910	0.779	0.973	0.783	0.899	0.597	0.922	0.781	0.662	0.745	0.726	0.818	0.826	0.706	0.768	0.705	0.883	0.744	0.364	0.421	0.881	0.930	
Delete:	5, 
Best of iteration 110 : 0.973568281938326 7.643171806167402 26(16)
0.819	0.870	0.844	0.912	0.728	0.870	0.761	0.601	0.811	0.742	0.650	0.846	0.815	0.751	0.788	0.696	0.629	0.819	0.814	0.801	0.414	0.416	0.834	0.819	
Best of iteration 120 : 1.0 5.0 40(19)
0.853	0.877	0.854	0.919	0.676	0.867	0.779	0.617	0.814	0.726	0.643	0.843	0.804	0.730	0.767	0.673	0.597	0.799	0.762	0.759	0.466	0.441	0.839	0.820	
Best of iteration 130 : 1.0 5.0 76(25)
Best of iteration 140 : 1.0 5.0 157(16)
0.871	0.899	0.865	0.930	0.655	0.861	0.826	0.666	0.816	0.734	0.599	0.848	0.778	0.725	0.766	0.662	0.603	0.752	0.769	0.724	0.450	0.428	0.838	0.805	
Best of iteration 150 : 1.0 5.0 162(14)
0.844	0.892	0.901	0.911	0.641	0.884	0.829	0.666	0.761	0.717	0.606	0.815	0.802	0.774	0.780	0.641	0.668	0.750	0.748	0.776	0.455	0.355	0.839	0.836	
Best of iteration 160 : 0.9911894273127754 5.881057268722458 52(11)
0.799	0.900	0.897	0.906	0.662	0.879	0.831	0.689	0.758	0.659	0.661	0.786	0.817	0.806	0.804	0.588	0.725	0.744	0.759	0.785	0.437	0.329	0.853	0.891	
Best of iteration 170 : 0.9779735682819384 7.202643171806159 33(14)
Best of iteration 180 : 0.9779735682819384 7.202643171806159 49(14)
0.802	0.877	0.847	0.950	0.702	0.841	0.842	0.622	0.722	0.680	0.658	0.744	0.822	0.840	0.812	0.597	0.670	0.768	0.744	0.759	0.396	0.369	0.824	0.912	
Delete:	3, 
Best of iteration 190 : 0.9649122807017544 8.508771929824562 13(12)
0.874	0.889	0.804	0.789	0.839	0.835	0.755	0.802	0.903	0.801	0.856	0.801	0.809	0.685	0.824	0.748	0.798	0.813	0.722	0.325	0.509	0.885	0.827	
Best of iteration 200 : 0.9912280701754386 5.877192982456137 75(32)
0.880	0.806	0.822	0.706	0.822	0.794	0.757	0.769	0.875	0.824	0.896	0.760	0.814	0.650	0.817	0.745	0.787	0.904	0.787	0.381	0.498	0.897	0.734	
Best of iteration 210 : 0.9780701754385965 7.192982456140342 43(12)
Best of iteration 220 : 0.9912280701754386 5.877192982456137 49(24)
0.864	0.810	0.824	0.746	0.833	0.789	0.751	0.777	0.872	0.813	0.884	0.776	0.798	0.623	0.810	0.755	0.767	0.896	0.790	0.384	0.520	0.899	0.703	
Best of iteration 230 : 0.9868421052631579 6.3157894736842195 48(20)
0.891	0.794	0.794	0.704	0.905	0.816	0.738	0.741	0.859	0.781	0.832	0.746	0.797	0.547	0.749	0.755	0.731	0.861	0.870	0.378	0.524	0.882	0.625	
Best of iteration 240 : 0.9780701754385965 7.192982456140342 233(12)
0.879	0.819	0.783	0.739	0.905	0.805	0.750	0.785	0.863	0.789	0.841	0.772	0.780	0.527	0.743	0.744	0.751	0.851	0.869	0.396	0.509	0.908	0.613	
Best of iteration 250 : 0.9780701754385965 7.192982456140342 377(12)
0.878	0.820	0.782	0.740	0.906	0.806	0.754	0.785	0.860	0.784	0.838	0.774	0.787	0.525	0.740	0.742	0.748	0.855	0.867	0.391	0.511	0.908	0.605	
Best of iteration 260 : 0.9780701754385965 7.192982456140342 120(12)
Best of iteration 270 : 0.9780701754385965 7.192982456140342 20(12)
0.789	0.839	0.755	0.873	0.845	0.753	0.809	0.888	0.961	0.871	0.900	0.829	0.704	0.549	0.758	0.725	0.891	0.865	0.877	0.369	0.544	0.982	0.672	
Delete:	21, 
Best of iteration 280 : 0.9605263157894737 8.94736842105263 22(13)
0.856	0.862	0.849	0.783	0.787	0.817	0.690	0.827	0.843	0.736	0.818	0.830	0.893	0.726	0.779	0.601	0.776	0.777	0.788	0.439	0.536	0.831	
Best of iteration 290 : 0.9736842105263158 7.631578947368425 20(8)
0.825	0.852	0.845	0.870	0.655	0.877	0.684	0.666	0.843	0.777	0.707	0.771	0.834	0.610	0.765	0.678	0.804	0.832	0.762	0.357	0.582	0.904	
Best of iteration 300 : 0.9956140350877193 5.438596491228068 95(30)
Best of iteration 310 : 0.9912280701754386 5.877192982456137 50(20)
0.830	0.839	0.837	0.854	0.653	0.916	0.654	0.624	0.895	0.723	0.660	0.802	0.861	0.559	0.764	0.756	0.804	0.828	0.783	0.383	0.589	0.898	
Best of iteration 320 : 1.0 5.0 155(20)
0.822	0.876	0.864	0.840	0.676	0.912	0.645	0.604	0.923	0.714	0.689	0.802	0.863	0.537	0.770	0.798	0.799	0.813	0.784	0.413	0.559	0.922	
Best of iteration 330 : 0.9912280701754386 5.877192982456137 147(12)
0.823	0.880	0.869	0.845	0.688	0.902	0.643	0.604	0.926	0.704	0.690	0.801	0.863	0.528	0.774	0.803	0.794	0.806	0.786	0.424	0.564	0.924	
Best of iteration 340 : 0.9736842105263158 7.631578947368425 61(13)
Best of iteration 350 : 0.9736842105263158 7.631578947368425 62(12)
0.818	0.891	0.857	0.871	0.661	0.882	0.650	0.574	0.909	0.731	0.700	0.808	0.874	0.534	0.777	0.781	0.802	0.812	0.800	0.408	0.563	0.930	
Best of iteration 360 : 0.9736842105263158 7.631578947368425 19(10)
0.878	0.967	0.982	0.992	0.552	0.804	0.740	0.537	0.938	0.824	0.699	0.865	0.872	0.456	0.779	0.787	0.756	0.815	0.864	0.403	0.595	0.898	
Delete:	3, 
Best of iteration 370 : 0.9734513274336283 7.654867256637175 25(11)
0.882	0.886	0.794	0.954	0.832	0.735	0.824	0.830	0.927	0.814	0.961	0.917	0.590	0.567	0.794	0.695	0.876	0.922	0.434	0.707	0.971	
Delete:	20, 
Best of iteration 380 : 0.956140350877193 9.385964912280699 14(6)
0.850	0.692	0.930	0.707	0.655	0.845	0.993	0.993	0.845	0.866	0.651	0.876	0.654	0.562	0.728	0.775	0.840	0.994	0.721	0.472	
Delete:	17, 
Best of iteration 390 : 0.9692982456140351 8.070175438596493 21(15)
Best of iteration 400 : 0.9824561403508771 6.754385964912288 18(12)
0.848	0.717	0.838	0.809	0.787	0.676	0.760	0.823	0.729	0.896	0.875	0.842	0.722	0.691	0.711	0.749	0.865	0.352	0.437	
Best of iteration 410 : 0.9912280701754386 5.877192982456137 19(11)
0.856	0.736	0.873	0.773	0.845	0.708	0.831	0.781	0.636	0.916	0.843	0.891	0.680	0.592	0.706	0.714	0.849	0.343	0.467	
Best of iteration 420 : 0.9912280701754386 5.877192982456137 28(12)
0.818	0.816	0.828	0.812	0.916	0.790	0.896	0.797	0.570	0.898	0.733	0.904	0.780	0.540	0.740	0.769	0.776	0.312	0.372	
Best of iteration 430 : 0.9912280701754386 5.877192982456137 18(10)
Best of iteration 440 : 0.9956140350877193 5.438596491228068 57(12)
0.879	0.837	0.893	0.795	0.883	0.772	0.906	0.791	0.540	0.906	0.681	0.893	0.785	0.519	0.660	0.734	0.800	0.277	0.397	
Best of iteration 450 : 0.9912280701754386 5.877192982456137 45(10)
0.884	0.835	0.924	0.784	0.854	0.783	0.935	0.800	0.523	0.918	0.647	0.905	0.795	0.537	0.602	0.719	0.834	0.242	0.390	
Best of iteration 460 : 0.9912280701754386 5.877192982456137 107(11)
0.885	0.844	0.913	0.795	0.858	0.806	0.951	0.806	0.517	0.903	0.650	0.920	0.792	0.534	0.592	0.721	0.830	0.240	0.362	
Delete:	6, 
Best of iteration 470 : 0.9473684210526315 10.26315789473685 15(10)
Best of iteration 480 : 0.9736842105263158 7.631578947368425 20(7)
0.850	0.650	0.810	0.888	0.800	0.858	0.855	0.733	0.812	0.884	0.870	0.718	0.870	0.769	0.721	0.735	0.393	0.513	
Best of iteration 490 : 0.9824561403508771 6.754385964912288 19(9)
0.862	0.748	0.853	0.918	0.818	0.891	0.939	0.749	0.785	0.852	0.766	0.726	0.763	0.725	0.655	0.488	0.470	0.452	
training accuracy 448.0/455.0=	0.9846153846153847
test accuracy 109.0/114.0=	0.956140350877193
Total time: 540.968
Experiment: 8
Best of iteration 0 : 0.947136563876652 10.286343612334804 21(13)
Best of iteration 10 : 0.973568281938326 7.643171806167402 49(17)
0.879	0.829	0.780	0.897	0.843	0.851	0.794	0.812	0.835	0.915	0.765	0.811	0.847	0.629	0.944	0.909	0.857	0.859	0.826	0.908	0.801	0.898	0.766	0.727	0.858	0.822	0.442	0.510	0.876	0.870	
Best of iteration 20 : 0.9779735682819384 7.202643171806159 29(15)
0.881	0.769	0.855	0.918	0.799	0.899	0.842	0.821	0.863	0.937	0.751	0.792	0.849	0.672	0.903	0.895	0.809	0.942	0.778	0.901	0.589	0.803	0.887	0.726	0.718	0.873	0.416	0.428	0.841	0.896	
Best of iteration 30 : 0.9911894273127754 5.881057268722458 43(20)
0.907	0.761	0.881	0.904	0.784	0.898	0.866	0.786	0.899	0.893	0.792	0.832	0.878	0.675	0.895	0.879	0.812	0.958	0.783	0.919	0.593	0.827	0.844	0.734	0.747	0.891	0.408	0.465	0.883	0.905	
Delete:	17, 
Best of iteration 40 : 0.9385964912280702 11.140350877192986 21(14)
Best of iteration 50 : 0.9649122807017544 8.508771929824562 47(12)
0.775	0.844	0.912	0.870	0.781	0.851	0.840	0.911	0.823	0.905	0.801	0.842	0.856	0.644	0.941	0.854	0.761	0.794	0.904	0.777	0.775	0.791	0.747	0.798	0.840	0.380	0.575	0.934	0.908	
Best of iteration 60 : 0.9868421052631579 6.3157894736842195 50(27)
0.722	0.863	0.970	0.958	0.866	0.874	0.857	0.935	0.864	0.874	0.774	0.904	0.863	0.523	0.991	0.793	0.645	0.683	0.874	0.850	0.736	0.911	0.665	0.830	0.770	0.307	0.660	0.955	0.905	
Delete:	14, 
Best of iteration 70 : 0.9473684210526315 10.26315789473685 21(17)
0.908	0.806	0.778	0.899	0.799	0.886	0.865	0.838	0.761	0.915	0.707	0.762	0.948	0.588	0.911	0.723	0.786	0.931	0.778	0.806	0.759	0.809	0.908	0.764	0.363	0.475	0.897	0.859	
Best of iteration 80 : 0.9780701754385965 7.192982456140342 46(26)
Best of iteration 90 : 1.0 5.0 185(36)
0.903	0.784	0.783	0.841	0.814	0.858	0.908	0.862	0.706	0.918	0.674	0.788	0.969	0.575	0.931	0.729	0.872	0.921	0.782	0.880	0.730	0.777	0.917	0.739	0.314	0.492	0.854	0.883	
Delete:	12, 
Best of iteration 100 : 0.9649122807017544 8.508771929824562 12(11)
0.858	0.817	0.826	0.862	0.841	0.858	0.841	0.762	0.788	0.904	0.868	0.773	0.774	0.904	0.838	0.873	0.806	0.746	0.778	0.704	0.750	0.859	0.793	0.413	0.489	0.929	0.860	
Best of iteration 110 : 0.9824561403508771 6.754385964912288 71(45)
0.815	0.794	0.855	0.860	0.936	0.888	0.830	0.707	0.884	0.955	0.907	0.838	0.755	0.972	0.837	0.851	0.776	0.789	0.809	0.544	0.684	0.854	0.750	0.440	0.584	0.979	0.888	
Delete:	25, 
Best of iteration 120 : 0.9517543859649122 9.824561403508781 18(11)
0.789	0.860	0.889	0.830	0.746	0.852	0.776	0.822	0.846	0.819	0.728	0.771	0.773	0.866	0.794	0.894	0.842	0.776	0.717	0.632	0.736	0.747	0.913	0.432	0.359	0.801	
Best of iteration 130 : 0.9649122807017544 8.508771929824562 30(13)
Best of iteration 140 : 0.9736842105263158 7.631578947368425 69(44)
0.775	0.852	0.753	0.842	0.734	0.935	0.815	0.737	0.855	0.727	0.650	0.683	0.845	0.945	0.879	0.985	0.769	0.745	0.757	0.559	0.731	0.730	0.934	0.417	0.226	0.928	
Delete:	15, 
Best of iteration 150 : 0.960352422907489 8.964757709251103 32(19)
0.871	0.911	0.832	0.843	0.792	0.796	0.851	0.831	0.896	0.752	0.591	0.804	0.620	0.895	0.844	0.778	0.789	0.820	0.774	0.720	0.844	0.703	0.394	0.581	0.701	
Best of iteration 160 : 1.0 5.0 109(42)
0.856	0.921	0.846	0.842	0.745	0.792	0.848	0.816	0.915	0.722	0.617	0.766	0.616	0.902	0.853	0.771	0.809	0.792	0.752	0.695	0.890	0.716	0.377	0.585	0.679	
Best of iteration 170 : 1.0 5.0 94(29)
Best of iteration 180 : 1.0 5.0 76(18)
0.823	0.916	0.793	0.852	0.771	0.809	0.826	0.852	0.901	0.767	0.567	0.838	0.647	0.932	0.822	0.816	0.782	0.703	0.740	0.709	0.930	0.793	0.409	0.542	0.709	
Best of iteration 190 : 1.0 5.0 223(31)
0.815	0.923	0.747	0.873	0.817	0.827	0.814	0.839	0.867	0.796	0.567	0.856	0.638	0.957	0.812	0.827	0.821	0.691	0.711	0.700	0.937	0.812	0.415	0.530	0.726	
Delete:	13, 
Best of iteration 200 : 0.960352422907489 8.964757709251103 23(10)
0.839	0.823	0.848	0.773	0.801	0.905	0.881	0.853	0.803	0.829	0.689	0.892	0.666	0.894	0.876	0.739	0.827	0.663	0.819	0.807	0.761	0.385	0.571	0.846	
Best of iteration 210 : 0.9823788546255506 6.76211453744493 17(10)
Best of iteration 220 : 0.9779735682819384 7.202643171806159 12(6)
0.921	0.947	0.855	0.828	0.735	0.893	0.945	0.827	0.825	0.829	0.739	0.822	0.678	0.978	0.873	0.811	0.708	0.751	0.713	0.860	0.766	0.406	0.594	0.956	
Delete:	13, 
Best of iteration 230 : 0.973568281938326 7.643171806167402 30(10)
0.910	0.906	0.821	0.829	0.913	0.892	0.797	0.759	0.906	0.858	0.728	0.896	0.680	0.969	0.632	0.679	0.870	0.679	0.809	0.854	0.576	0.515	0.870	
Delete:	13, 
Best of iteration 240 : 0.9779735682819384 7.202643171806159 30(18)
0.817	0.809	0.788	0.944	0.862	0.832	0.795	0.840	0.823	0.832	0.713	0.900	0.735	0.583	0.906	0.613	0.810	0.737	0.802	0.432	0.470	0.907	
Best of iteration 250 : 0.9823788546255506 6.76211453744493 23(9)
0.838	0.797	0.716	0.952	0.959	0.921	0.724	0.718	0.784	0.818	0.741	0.897	0.709	0.486	0.919	0.708	0.705	0.699	0.868	0.391	0.425	0.929	
Delete:	4, 
Best of iteration 260 : 0.9469026548672567 10.309734513274336 21(17)
Best of iteration 270 : 0.9734513274336283 7.654867256637175 26(12)
0.936	0.790	0.731	0.898	0.829	0.847	0.837	0.884	0.724	0.725	0.731	0.713	0.835	0.775	0.697	0.744	0.732	0.666	0.249	0.530	0.740	
Best of iteration 280 : 0.9778761061946902 7.212389380530979 20(10)
0.915	0.756	0.739	0.933	0.839	0.868	0.834	0.898	0.666	0.682	0.735	0.667	0.825	0.799	0.735	0.727	0.698	0.592	0.283	0.524	0.721	
Best of iteration 290 : 0.9823008849557522 6.769911504424783 52(34)
0.900	0.638	0.882	0.959	0.893	0.875	0.770	0.966	0.686	0.781	0.740	0.574	0.780	0.843	0.882	0.646	0.677	0.679	0.231	0.544	0.735	
Delete:	7, 
Best of iteration 300 : 0.9298245614035088 12.017543859649123 21(18)
Best of iteration 310 : 0.9605263157894737 8.94736842105263 28(15)
0.858	0.751	0.738	0.843	0.809	0.883	0.709	0.871	0.650	0.886	0.746	0.583	0.690	0.676	0.835	0.784	0.740	0.423	0.516	0.937	
Best of iteration 320 : 0.9649122807017544 8.508771929824562 54(12)
0.849	0.842	0.757	0.863	0.714	0.879	0.780	0.820	0.604	0.853	0.759	0.558	0.583	0.700	0.805	0.722	0.733	0.327	0.527	0.892	
Best of iteration 330 : 0.9649122807017544 8.508771929824562 24(12)
0.866	0.851	0.814	0.822	0.558	0.900	0.798	0.804	0.560	0.817	0.799	0.559	0.639	0.693	0.875	0.663	0.747	0.310	0.482	0.830	
Best of iteration 340 : 0.9649122807017544 8.508771929824562 23(12)
Best of iteration 350 : 0.9605263157894737 8.94736842105263 63(9)
0.877	0.838	0.773	0.718	0.560	0.913	0.746	0.849	0.563	0.874	0.867	0.519	0.704	0.812	0.867	0.686	0.775	0.388	0.388	0.866	
Best of iteration 360 : 0.9605263157894737 8.94736842105263 71(9)
0.877	0.851	0.747	0.722	0.529	0.928	0.751	0.864	0.545	0.858	0.869	0.529	0.676	0.834	0.880	0.653	0.748	0.383	0.354	0.868	
Best of iteration 370 : 0.9605263157894737 8.94736842105263 17(9)
0.877	0.851	0.739	0.725	0.521	0.922	0.757	0.871	0.537	0.847	0.866	0.544	0.671	0.836	0.887	0.645	0.747	0.380	0.353	0.868	
Best of iteration 380 : 0.9605263157894737 8.94736842105263 20(9)
0.893	0.869	0.779	0.716	0.498	0.979	0.785	0.814	0.585	0.950	0.966	0.441	0.699	0.796	0.911	0.679	0.850	0.388	0.450	0.822	
Delete:	5, 
Best of iteration 390 : 0.9429824561403509 10.701754385964904 21(5)
Best of iteration 400 : 0.9736842105263158 7.631578947368425 13(7)
0.824	0.755	0.749	0.859	0.765	0.707	0.950	0.735	0.933	0.743	0.735	0.727	0.701	0.709	0.941	0.959	0.517	0.662	0.953	
Delete:	15, 
Best of iteration 410 : 0.9737991266375546 7.620087336244538 17(7)
0.929	0.869	0.814	0.763	0.821	0.801	0.858	0.807	0.912	0.789	0.767	0.840	0.752	0.580	0.840	0.422	0.521	0.791	
Best of iteration 420 : 0.982532751091703 6.746724890829697 16(6)
0.927	0.781	0.751	0.728	0.754	0.765	0.841	0.719	0.849	0.705	0.764	0.836	0.574	0.724	0.755	0.529	0.692	0.567	
Best of iteration 430 : 0.982532751091703 6.746724890829697 14(5)
Best of iteration 440 : 0.9868995633187773 6.310043668122276 7(4)
0.911	0.737	0.774	0.715	0.745	0.755	0.812	0.728	0.851	0.692	0.786	0.836	0.576	0.731	0.764	0.592	0.690	0.593	
Best of iteration 450 : 0.982532751091703 6.746724890829697 21(5)
0.722	0.856	0.922	0.583	0.768	0.722	0.714	0.837	0.815	0.838	0.871	0.961	0.574	0.657	0.534	0.670	0.511	0.521	
Delete:	11, 
Best of iteration 460 : 0.9605263157894737 8.94736842105263 16(7)
0.716	0.798	0.810	0.869	0.787	0.767	0.872	0.854	0.873	0.737	0.775	0.661	0.703	0.755	0.518	0.520	0.891	
Best of iteration 470 : 0.9780701754385965 7.192982456140342 10(7)
Best of iteration 480 : 0.9780701754385965 7.192982456140342 9(5)
0.718	0.704	0.856	0.878	0.789	0.686	0.953	0.795	0.992	0.869	0.667	0.805	0.818	0.600	0.671	0.553	0.951	
Delete:	8, 
Best of iteration 490 : 0.9517543859649122 9.824561403508781 13(8)
0.787	0.748	0.837	0.844	0.780	0.614	0.881	0.734	0.727	0.629	0.712	0.909	0.771	0.475	0.545	0.824	
training accuracy 441.0/455.0=	0.9692307692307692
test accuracy 113.0/114.0=	0.9912280701754386
Total time: 351.61
