322213341311342331434423314234141142114214233434324341431211323213314141113434313222122442311413141344114334434422441343111442241323441143241414122422414211313431411423224111
434143121132321331414111343431322212244231141314134411433443442244134311144224132344114324141412242241421131343141142322411142123114212241131212223114441322442223442411423423
441143344344224413431114422413234411432414141224224142113134314114232241114212311421224113121222311444132244222344241142342311223322221234231134222331314333231411214111222331
224224142113134314114232241114212311421224113121222311444132244222344241142342311223322221234231134222331314333231411214111222331131143311143321342112411434333311211334433413
221141213222223211111412221222331414242233312422442221111223132422223113122221414311213323123213224122224242324324114232234422432433141443143132241333244442243133243141332411
222111122313242222311312222141431121332312321322412222424232432411423223442243243314144314313224133324444224313324314133241112444211144313114312414211132124122331412131222222
222242423243241142322344224324331414431431322413332444422431332431413324111244421114431311431241421113212412233141213122222212114212411413122123331144312313242221114422314113
244442243133243141332411124442111443131143124142111321241223314121312222221211421241141312212333114431231324222111442231411322114314111114111333223321314211441131114422321124
312414211132124122331412131222222121142124114131221233311443123132422211144223141132211431411111411133322332131421144113111442232112413122232232112233232121122233144122312312
223142242411241124413424331112141342433433433432341223431322243222344222243342342223134342221422334223442231223331422322111213344134211111213132321134423334341141111141211141
122343132224322234422224334234222313434222142233422344223122333142232211121334413421111121313232113442333434114111114121114131232342141112122111121112233211142342244222323422
234422312233314223221112133441342111112131323211344233343411411111412111413123234214111212211112111223321114234224422232342231322234324332432314413414443313133114144311414111
423334341141111141211141312323421411121221111211122332111423422442223234223132223432433243231441341444331313311414431141411131111141444113121441131441133141211214241312114341
233211142342244222323422313222343243324323144134144433131331141443114141113111114144411312144113144113314121121424131211434133322234311121222244343111124143444343311424334342
443313133114144311414111311111414441131214411314411331412112142413121143413332223431112122224434311112414344434331142433434244244143343324111124131244111122343341111234343422
133141211214241312114341333222343111212222443431111241434443433114243343424424414334332411112413124411112234334111123434342222443143123112333111431311112211222321231211222324
124143444343311424334342442441433433241111241312441111223433411112343434222244314312311233311143131111221122232123121122232444243113134413331211224112341121214443221232412143
111122343341111234343422224431431231123331114313111122112223212312112223244424311313441333121122411234112121444322123241214333443143113122411322233443243111441413413133414123
112211222321231211222324442431131344133312112241123411212144432212324121433344314311312241132223344324311144141341313341412343311222234224443234223232444323344341211411123312
341121214443221232412143334431431131224113222334432431114414134131334141234331122223422444323422323244432334434121141112331243241211441314414413442324344311122411223412232413
243111441413413133414123433112222342244432342232324443233443412114111233124324121144131441441344232434431112241122341223241332421241114331434414121344121332324442221244421411
444323344341211411123312432412114413144144134423243443111224112234122324133242124111433143441412134412133232444222124442141111343141434234343311312341112212224342224312322323
344311122411223412232413324212411143314344141213441213323244422212444214111134314143423434331131234111221222434222431232232342332223422212342232412243312342442443434422232122
121332324442221244421411113431414342343433113123411122122243422243123223234233222342221234223241224331234244244343442223212211222243223242123422243111123231111412231111142234
112212224342224312322323423322234222123422324122433123424424434344222321221122224322324212342224311112323111141223111114223423123143143343113131111133113414242111433414312131
312342442443434422232122112222432232421234222431111232311114122311111422342312314314334311313111113311341424211143341431213111212311211111312111312221333112323112323111131223
123231111412231111142234231231431433431131311111331134142421114334143121311121231121111131211131222133311232311232311113122343123422233131311121243221422343331112242412242121
113414242111433414312131112123112111113121113122213331123231123231111312234312342223313131112124322142234333111224241224212121212122211344312211121311114122114333211122114242
333112323112323111131223431234222331313111212432214223433311122424122421212121212221134431221112131111412211433321112211424211123221311113423213422222111311411122424121221212
422343331112242412242121212121222113443122111213111141221143332111221142421112322131111342321342222211131141112242412122121212211234441112234114212414113111134424212121242114
114122114333211122114242111232213111134232134222221113114111224241212212121221123444111223411421241411311113442421212124211424443412411312311241121222214324143111421313134112
111311411122424121221212122112344411122341142124141131111344242121212421142444341241131231124112122221432414311142131313411241121211121213124111121212222444313341322221313313
113111134424212121242114244434124113123112411212222143241431114213131341124112121112121312411112121222244431334132222131331311221212123412141111413134111131123131411113211414
214324143111421313134112411212111212131241111212122224443133413222213133131122121212341214111141313411113112313141111321141422231111231111224144112133113214144121144321322114
222444313341322221313313112212121234121411114131341111311231314111132114142223111123111122414411213311321414412114432132211441231111113133114414134141222232133111234141413414
111131123131411113211414222311112311112241441121331132141441211443213221144123111111313311441413414122223213311123414141341444431442211222342312222244331141314311121414411314
113214144121144321322114412311111131331144141341412222321331112341414134144443144221122234231222224433114131431112141441131431114341111231222212133231313113113213131321132114
222232133111234141413414444314422112223423122222443311413143111214144113143111434111123122221213323131311311321313132113211412214432134311324213122421322114242231114212122214
331141314311121414411314311143411112312222121332313131131132131313211321141221443213431132421312242132211424223111421212221422213222421212114111142143211114313434413144414431
313113113213131321132114122144321343113242131224213221142422311142121222142221322242121211411114214321111431343441314441443144143133131423132143313211431414231314231341231342
322114242231114212122214222132224212121141111421432111143134344131444144314414313313142313214331321143141423131423134123134223132331441231441323444434441231431413432414411432
242231114212122214222132224212121141111421432111143134344131444144314414313313142313214331321143141423131423134123134223132331441231441323444434441231431413432414411432433134
411212232141123331111311132442242243442144231222422244314111411113234141112223232443342212232321223422224241323233323222421321224323232313232423131314211134434313242232342243
224431411141111323414111222323244334221223232122342222424132323332322242132122432323231323242313131421113443431324223234224322341414143434332341124223434111141434334414212111
222242413232333232224213212243232323132324231313142111344343132422323422432234141414343433234112422343411114143433441421211121414414322342341344141423112232122311131142111424
211134434313242232342243223414141434343323411242234341111414343344142121112141441432234234134414142311223212231113114211142411313123432114341114321143111311131143431432411311
434111141434334414212111214144143223423413441414231122321223111311421114241131312343211434111432114311131113114343143241131143211131123243112111424311422111424112311221111421
112232122311131142111424113131234321143411143211431113111311434314324113114321113112324311211142431142211142411231122111142113311311331142112211132111113243113213241112311331
111311131143431432411311432111311232431121114243114221114241123112211114211331131133114211221113211111324311321324111231133114114211221224114131141141411323241121322231131142
131123243112111424311422111424112311221111421133113113311421122111321111132431132132411123113311411421122122411413114114141132324112132223113114234221334144114114113231313131
314134343443422243344223414232241111111222342134424243423421131131143143423241111422224241122233112232121311143111424111121232421222221332221223242411214113411111312131213114
112312241121141414131331411311142411341132341111213411141111424242434331431131114113211323412111212231224243141141411142212241423132133142242421122334113414114111412111331131
314131131124133412414312111142113122113142113143142313233143113113113113113443143143143112113413113113143113413413431431142143143113143111113113113133143113414143143313143113
231323314311311311311311344314314314311211341311311314311341341343143114214314311314311111311311313314311341414314331314311311311213214214312112243141443443343311422232132411
131431134134134314311421431431131431111131131131331431134141431433131431131131121321421431211224314144344334331142223213241111124433211134431421431431331432133333323243313343
143113414143143313143113113112132142143121122431414434433433114222321324111112443321113443142143143133143213333332324331334332324333433113221143144134133134333134131134131134
443443343311422232132411111244332111344314214314313314321333333232433133433232433343311322114314413413313433313413113413113433323123323314323313343323111244322222433431243311
331432133333323243313343323243334331132211431441341331343331341311341311343332312332331432331334332311124432222243343124331141343331111421421431221244324342334334314244314331
332324331334332324333433113221143144134133134333134131134131134333231233233143233133433231112443222224334312433114134333111142142143122124432434233433431424431433143423422441
134223422341244311344122441211314434343432224222212212331312212314324312212242212212244333231434322213343234333134342334333424112433434344111142343222331321412244342331412234
221233131221231432431221224221221224433323143432221334323433313434233433342411243343434411114234322233132141224434233141223414411123342314314134312234343334223442314313212443
133432343331343423343334241124334343441111423432223313214122443423314122341441112334231431413431223434333422344231431321244321121123422311123422111133121111121121121121122431
331321412244342331412234144111233423143141343122343433342234423143132124432112112342231112342211113312111112112112112112243112113112111312142112112342113432213414332224121424
343334223442314313212443211211234223111234221111331211111211211211211224311211311211131214211211234211343221341433222412142433114431143431123311421223111223411223112211314311
121111121121121121122431121131121113121421121123421134322134143322241214243311443114343112331142122311122341122311221131431114243112244321111133411133111134311311142121341113
113432213414332224121424331144311434311233114212231112234112231122113143111424311224432111113341113311113431131114212134111313224241113342131113112242441111111222111412212211
111223411223112211314311142431122443211111334111331111343113111421213411131322424111334213111311224244111111122211141221221141224114232311211131221424322111211122211113413334
111134311311142121341113132242411133421311131122424411111112221114122122114122411423231121113122142432211121112221111341333434244141424311211111411211322224111211121222133111
441111111222111412212211412241142323112111312214243221112111222111134133343424414142431121111141121132222411121112122213311131411111212222121112122211121142411111311122442213
322111211122211113413334342441414243112111114112113222241112111212221331113141111121222212111212221112114241111131112244221323241113111411112231112244243211113111441411111122
322224111211121222133111314111112122221211121222111211424111113111224422132324111311141111223111224424321111311144141111112223114112122221311121121141312122211321212111133111
121142411111311122442213232411131114111122311122442432111131114414111111222311411212222131112112114131212221132121211113311132211231131114132244142411112121111211122221111141
243211113111441411111122231141121222213111211211413121222113212121111331113221123113111413224414241111212111121112222111114142221131111222422211123311144144311144113143131411
312122211321212111133111322112311311141322441424111121211112111222211111414222113111122242221112331114414431114411314313141114341441113132311121111233433111112343141233324411
112121111211122221111141422211311112224222111233111441443111441131431314111434144111313231112111123343311111234314123332441113311223424241112344231143333311341322221433342323
111233111441443111441131431314111434144111313231112111123343311111234314123332441113311223424241112344231143333311341322221433342323141344143133433114122322133433143143431124
434334414344431444334143443143434414334444213234344344344344344344314414344343443334433344344344313143434434144344333444114313143414433343444434334333434334441441434434434233
434434434434434431441434434344333443334434434431314343443414434433344411431314341443334344443433433343433444144143443443423334434141142114143233434313233223323311333434344334
434344341443443334441143131434144333434444343343334343344414414344344342333443414114211414323343431323322332331133343434433444143442424444344344334441334233143434324334344323
434144333434444343343334343344414414344344342333443414114211414323343431323322332331133343434433444143442424444344344334441334233143434324334344323334434331323343444323242232
443344133314331444313313432433344333243433433144313223222334444323321444134331411441142311332324324322323322443324342244133223322222224224222222222422222333322232233222241122
322322233444432332144413433141144114231133232432432232332244332434224413322332222222422422222222242222233332223223322224112211324432232244324412422223113223222332443243411322
223233224433243422441332233222222242242222222224222223333222322332222411221132443223224432441242222311322322233244324341132222333311224222233222213113144444141114243232424423
222333322232233222241122113244322322443244124222231132232223324432434113222233331122422223322221311314444414111424323242442334144341433424114224342424342443142424342443144124
113223222332443243411322223333112242222332222131131444441411142432324244233414434143342411422434242434244314242434244314412424342434242421133341433433341232422234123243433434
144444141114243232424423341443414334241142243424243424431424243424431441242434243424242113334143343334123242223412324343343441433323332311443334323313324324344221343443432342
342443142424342443144124243424342424211333414334333412324222341232434334344143332333231144333432331332432434422134344343234244424223424332344143143211334434442432444341344244
341232422234123243433434414333233323114433343233133243243442213434434323424442422342433234414314321133443444243244434134424414414212342323432432433341423144432414231333143241
324324344221343443432342444242234243323441431432113344344424324443413442441441421234232343243243334142314443241423133314324124214131424432433223341141424342422243124242424132
334434442432444341344244144142123423234324324333414231444324142313331432412421413142443243322334114142434242224312424242413232434432432311323331131113314144133143313111322113
423144432414231333143241242141314244324332233411414243424222431242424241323243443243231132333113111331414413314331311132211331131233331113334142231314124244414143242141133324
424342422243124242424132324344324323113233311311133141441331433131113221133113123333111333414223131412424441414324214113332414242312341324443322322124122422422221141221432411
314144133143313111322113311312333311133341422313141242444141432421411333241424231234132444332232212412242242222114122143241141232324111343241122223243132414342222413141122312
124244414143242141133324142423123413244433223221241224224222211412214324114123232411134324112222324313241434222241314112231224141411314141131241311421322321432314313243233113
122422422221141221432411412323241113432411222232431324143422224131411223122414141131414113124131142132232143231431324323311321324114324122223114432132211111112324314342131221
132414342222413141122312241414113141411312413114213223214323143132432331132132411432412222311443213221111111232431434213122112441222324224242221112232331314122421224211121222
322321432314313243233113213241143241222231144321322111111123243143421312211244122232422424222111223233131412242122421112122221241142141431212421212122212121213424313121312214
211111112324314342131221124412223242242422211122323313141224212242111212222124114214143121242121212221212121342431312131221421431321332224411423231432322432222344413241143314
331314122421224211121222212411421414312124212121222121212134243131213122142143132133222441142323143232243222234441324114331422224312412111142443322422134441412112242422324224
212121213424313121312214214313213322244114232314323224322223444132411433142222431241211114244332242213444141211224242232422444132221413111132313324311111132413144312211321324
322432222344413241143314222243124121111424433224221344414121122424223242244413222141311113231332431111113241314431221132132441132233111211242422243241234222213232234312111212
134441412112242422324224441322214131111323133243111111324131443122113213244113223311121124242224324123422221323223431211121222214411424212414112222433223144113222232113143311
111132413144312211321324411322331112112424222432412342222132322343121112122221441142421241411222243322314411322223211314331114131411322113323243114311412234244114121423233132
234222213232234312111212222144114242124141122224332231441132222321131433111413141132211332324311431141223424411412142323313222221124313211431123442243214414333123324442314144
223144113222232113143311141314113221133232431143114122342441141214232331322222112431321143112344224321441433312332444231414433412334314113314113422223333233244132422142113221
412234244114121423233132222211243132114311234422432144143331233244423141443341233431411331411342222333323324413242214211322142323332332333321133133333433333333313333334314211
214414333123324442314144334123343141133141134222233332332441324221421132214232333233233332113313333343333333331333333431421121114433332411342421242244232333444143243224324114
333233244132422142113221423233323323333211331333334333333333133333343142112111443333241134242124224423233344414324322432411412334343333242343342324421441432422243144423321132
332113313333343333333331333333431421121114433332411342421242244232333444143243224324114123343433332423433423244214414324222431444233211323112344322422424124342123333421412433
314141233144441443433242414433344133243333444434114442124244341413141433324313333211223334424411113233242243342223332331334433244142323331423224233344314243343332333313211413
444212424434141314143332431333321122333442441111323324224334222333233133443324414232333142322423334431424334333233331321141332144343111443224432312442241314323141414141114123
244341413141433324313333211223334424411113233242243342223332331334433244142323331423224233344314243343332333313211413321443431114432244323124422413143231414141411141232414441
441314222441211222233424111324412412322241121221112411144141321411211314232322413212231241144143222143144143122322232244242431112313433244314333324333131421333411412443144332
241114414132141121131423232241321223124114414322214314414312232223224424243111231343324431433332433313142133341141244314433224223332231332111223121113324442421424432232412432
431441431223222322442424311123134332443143333243331314213334114124431443322422333223133211122312111332444242142443223241243241222422232322223142114242441332224242133141414113
232223224424243111231343324431433332433313142133341141244314433224223332231332111223121113324442421424432232412432412224222323222231421142424413322242421331414141131231244244
122331434332413143314413333144314314341424131441342324413334343433432143143232433444334344344241234124444143443244143441333143414241444343131433444134334144344344434441413334
232441333434343343214314323243344433434434424123412444414344324414344133314341424144434313143344413433414434434443444141333431331434314334433323443444134241343143433344443434
412444414344324414344133314341424144434313143344413433414434434443444141333431331434314334433323443444134241343143433344443434442421222412121424222431131112234133314424123111
324443442311311424344433244323143434444444343441413343414434133444143443244422333443243434333223443314433444143343433142344143333344333143424423343323332324443423313324333441
334341443413344414344324442233344324343433322344331443344414334343314234414333334433314342442334332333232444342331332433344142132433143444312413341333133144443433433433443432
144334441433434331423441433333443331434244233433233323244434233133243334414213243314344431241334133313314444343343343344343234314433434412411411411113334434334323413334414341
332324443423313324333441421324331434443124133413331331444434334334334434323431443343441241141141111333443433432341333441434144142241333441434144142241333241424144114341332441
133413331331444434334334334434323431443343441241141141111333443433432341333441434144142241333441434144142241333241424144114341332441424114144341333141424144144341333144434114
111111211113332333331331332332232333313333234334313313131314343444322321434323443133443444331443434233243322312221233143143222234411112431222432422344142221123141141341223324
331313131434344432232143432344313344344433144343423324332231222123314314322223441111243122243242234414222112314114134122332433233423333443233223123423331232333324232323233244
332433223122212331431432222344111124312224324223441422211231411413412233243323342333344323322312342333123233332423232323324444144342411434423334244121414122312433242423343434
142221123141141341223324332334233334432332231234233312323333242323232332444414434241143442333424412141412231243324242334343424242434343421211122433414114444111131231314413223
331232333324232323233244441443424114344233342441214141223124332424233434342424243434342121112243341411444411113123131441322324341121334413241111224211223123243343343343243311
414122312433242423343434242424343434212111224334141144441111312313144132232434112133441324111122421122312324334334334324331111111113234143232241412323344224441223324344122413
114444111131231314413223243411213344132411112242112231232433433433432433111111111323414323224141232334422444122332434412241312223242411431411423244411234123244111233233211222
223123243343343343243311111111132341432322414123233442244412233243441224131222324241143141142324441123412324411123323321122222132333232333333413233241223122444114222311123143
344224441223324344122413122232424114314114232444112341232441112332332112222213233323233333341323324122312244411422231112314321211324414142432411412241244412342243322124312224
234123244111233233211222221323332323333334132332412231224441142223111231432121132441414243241141224124441234224332212431222422224422221311111441113224131414412312432421322111
223122444114222311123143212113244141424324114122412444123422433221243122242222442222131111144111322413141441231243242132211111121311421142323431314411122442221124211322231124
244412342243322124312224222244222213111114411132241314144123124324213221111112131142114232343131441112244222112421132223112441113322241412222221322111424312234142111222112223
131414412312432421322111111213114211423234313144111224422211242113222311244111332224141222222132211142431223414211122211222331443143221121312242222214334242213224214242421243
122442221124211322231124411133222414122222213221114243122341421112221122233144314322112131224222221433424221322421424242124333243222313231424242131444111343133241222222132212
424312234142111222112223314431432211213122422222143342422132242142424212433324322231323142424213144411134313324122222213221221422242222223222113322231431231314144114214132412
334242213224214242421243332432223132314242421314441113431332412222221322122142224222222322211332223143123131414411421413241212211311213221321121121134243323124111211141233411
111343133241222222132212214222422222232221133222314312313141441142141324121221131121322132112112113424332312411121114123341114411224411211111222332434232312433114144411131331
431231314144114214132412122113112132213211211211342433231241112111412334111441122441121111122233243423231243311414441113133141123114242233434241224114131333332342331141124311
243323124111211141233411144112244112111112223324342323124331141444111313314112311424223343424122411413133333234233114112431114313123311211112143244122121132332322322232324444
232312433114144411131331411231142422334342412241141313333323423311411243111431312331121111214324412212113233232232223232444443342444424441432444434141442433422443333342243222
444111313314112311424223343424122411413133333234233114112431114313123311211112143244122121132332322322232324444433424444244414324444341414424334224433333422432222332324441144
144234134334433114131431314131412241332122444424222343414242414144411434334344332421222321413324333223433244223424434332242413333444333324334332431142344111224343242432332424
222343414242414144411434334344332421222321413324333223433244223424434332242413333444333324334332431142344111224343242432332424321344332424432441324332432432433311324432443114
412232411221222334341243324411312322341322242413242232444314312313341212332342413241422244411211322312311332414322232334332322334143243334432312311132232334231444221313312334
223244431431231334121233234241324142224441121132231231133241432223233433232233414324333443231231113223233423144422131331233431223223232441332224243142332231144333243322124232
123113324143222323343323223341432433344323123111322323342314442213133123343122322323244133222424314233223114433324332212423242324324123433124323223223123212433123122444124314
232334231444221313312334312232232324413322242431423322311443332433221242324232432412343312432322322312321243312312244412431442422244211312244312341342441441341441314241241141
332231144333243322124232423243241234331243232232231232124331231224441243144242224421131224431234134244144134144131424124114124142233111231324143131121132233441332232233144333
123212433123122444124314424222442113122443123413424414413414413142412411412414223311123132414313112113223344133223223314433323124322323223344142433133444411432244313113123124
441441341441314241241141241422331112313241431311211322334413322322331443332312432232322334414243313344441143224431311312312432223324332314344411133424241211411323244312332413
132233441332232233144333231243223232233441424331334444114322443131131231243222332433231434441113342424121141132324431233241323414142424431124112224322122222132224222332231232
444411432244313113123124322233243323143444111334242412114113232443123324132341414242443112411222432212222213222422233223123223323243234222324124324112323222423433423123124413
241211411323244312332413234141424244311241122243221222221322242223322312322332324323422232412432411232322242343342312312441311322241421332313334141323323312332444333331331332
122222132224222332231232233232432342223241243241123232224234334231231244131132224142133231333414132332331233244433333133133244124142134243424232444334142124133334314322444433
323222423433423123124413113222414213323133341413233233123324443333313313324412414213424342423244433414212413333431432244443343124332213324413124212314124324141313124232334333
323312332444333331331332441241421342434242324443341421241333343143224444334312433221332441312421231412432414131312423233433332444232444411411424233443314142443221311434432232
142124133334314322444433431243322133244131242123141243241413131242323343333244423244441141142423344331414244322131143443223243441244133243334234314124131131334233132231122331
124324141313124232334333324442324444114114242334433141424432213114344322324344124413324333423431412413113133423313223112233133323124432324123343131433324413123114122433114441
314142443221311434432232434412441332433342343141241311313342331322311223313332312443232412334313143332441312311412243311444144143341311131431412441343241432434411441412412443
131131334233132231122331333231244323241233431314333244131231141224331144414414334131113143141244134324143243441144141241244341222443331123242333141141343214133243244231313323
343131433324413123114122433114441441433413111314314124413432414324344114414124124434122244333112324233314114134321413324324423131332313114233134413323133424444114123213431433
313134413213144441422224224114224311142332441433233141444324234434314214314341431431414233431343233443414444314114143434144414343444431431411434141433414343441333143314413331
114233244143323314144432423443431421431434143143141423343134323344341444431411414343414441434344443143141143414143341434344133314331441333131433323333143243331441141433331433
111223213121141423212312241222322222424421111123221422312424114111222312424112422221432123111314213242313321323124313111132433233311141322223331442333234212311113122114142121
112233143414144314144414341434443443344321444244114143344434143141432434324344434233244411444141233441434112144444322343323244333143332333432412333331433144442334311333224334
414334443414314143243432434443423324441144414123344143411214444432234332324433314333233343241233333143314444233431133322433431233134111322243331214314344434443132224313244113
414341121444443223433232443331433323334324123333314331444423343113332243343123313411132224333121431434443444313222431324411322131131333414311441343413232333413434444144321223
433144442334311333224334312331341113222433312143143444344431322243132441132213113133341431144134341323233341343444414432122324333122244441313223333433432433144133343223232411
344434443132224313244113221311313334143114413434132323334134344441443212232433312224444131322333343343243314413334322323241114432323322431432432214134324412222222344421424411
441132213113133341431144134341323233341343444414432122324333122244441313223333433432433144133343223232411144323233224314324322141343244122222223444214244111133143143323334341
314314241423441432321244144244314344421334142443443243143143413233232414324142224144334233334132332233233333223332333332222222242222334223333222333323332233321233334134133441
324314314341323323241432414222414433423333413233223323333322333233333222222224222233422333322233332333223332123333413413344123324144144314324344244314324324142232344241144212
332333332233323333322222222422223342233332223333233322333212333341341334412332414414431432434424431432432414223234424114421222312223233242333323333233331333312321221121221223
233422333322233332333223332123333413413344123324144144314324344244314324324142232344241144212223122232332423333233332333313333123212211212212232222411412232234224231143343311
232141244444233244433331444242431433132413224444132432442444421444124144414441444431224241242131444324323242414123114442323221144424441432444431444132134141431433141244432411
243244244442144412414441444144443122424124213144432432324241412311444232322114442444143244443144413213414143143314124443241114244113231144442223244313321332133243223334324444
243232424141231144423232211444244414324444314441321341414314331412444324111424411323114444222324431332133213324322333432444444244441422443331414232211412244443144424414144244
134141431433141244432411142441132311444422232443133213321332432233343244444424444142244333141423221141224444314442441414424443232233243223331323123221214322232223333141233411
311444422232443133213321332432233343244444424444142244333141423221141224444314442441414424443232233243223331323123221214322232223333141233411223414123311133114414411144121231
222333334444314131434334424424223142134331311434131311124113134332232314333343314313223213332143344433314333334143142431433233341424314142431433332433343332443331432433312423
344244242231421343313114341313111241131343322323143333433143132232133321433444333143333341431424314332333414243141424314333324333433324433314324333124232133324324412333114211
311233313141421224124144111324114222441434123131231222233311442113131142443114131433444113333213333123333221223143131241112111311444431233111232243443113433333444131243123423
122223331144211313114244311413143344411333321333312333322122314313124111211131144443123311123224344311343333344413124312342333324413232323111333322123332324413141124314423311
334441133332133331233332212231431312411121113114444312331112322434431134333334441312431234233332441323232311133332212333232441314112431442331133134324421213332311133332314131
132222442444312221111124242424212424212121242124242124212424212121242121242124212421234342421242424212421243124242124212421212431242124242124242121212421242424242124212124242
212421242421212124212124212421242123434242124242421242124312424212421242121243124212424212424212121242124242424212421212424242421242421242424242421242424242421242124212421242
124212431242421242124212124312421242421242421212124212424242421242121242424242124242124242424242124242424242124212421242124212124212212131312121313121224422222221123122241414
421242424242124212124242424212424212424242424212424242424212421242124212421212421221213131212131312122442222222112312224141422142241141211111333123133332111242122331114112114
424242421242124212421242121242122121313121213131212244222222211231222414142214224114121111133312313333211124212233111411211411312242222121312143131322113111123114111222113122
224422222221123122241414221422411412111113331231333321112421223311141121141131224222212131214313132211311112311411122211312211213142132422133211233421423412222311122224231422
111113331231333321112421223311141121141131224222212131214313132211311112311411122211312211213142132422133211233421423412222311122224231422422331121124233222121212233334333143
424443121331424231432431322421444433311424332312413331323443143322332323314412333311443214414433113321321131442444244421244242424422231323142232232312444422232324143233122312
333132344314332233232331441233331144321441443311332132113144244424442124424242442223132314223223231244442223232414323312231213314111444143144141414144131142441233113143322343
213211314424442444212442424244222313231422322323124444222323241432331223121331411144414314414141414413114244123311314332234323314444112314443123433233222232444144131323332232
444422232324143233122312133141114441431441414141441311424412331131433223432331444411231444312343323322223244414413132333223241244241124441132333223323324314314332433243143242
131142441233113143322343233144441123144431234332332222324441441313233322324124424112444113233322332332431431433243324314324233244214113142424413122431411432423132433331411141
222232444144131323332232412442411244411323332233233243143143324332431432423324421411314242441312243141143242313243333141114111431333314143311443111414232241114343313114314314
441313233322324124424112444113233322332332431431433243324314324233244214113142424413122431411432423132433331411141114313333141433114431114142322411143433131143143143243241433
443323142314433231432334222344222313223344244144433433232414344434434443341344341434344434434434424134414434334324331444443424344314343443443443443443443443443443443443443443
343323241434443443444334134434143434443443443442413441443433432433144444342434431434344344344344344344344344344344344344344344344344324443323414343334314333133232344444344432
341434344434434434424134414434334324331444443424344314343443443443443443443443443443443443443443443443443244433234143433343143331332323444443444323334434321431444324114141131
441323241444322222441432343212432211332441412412211443333432233244332333143323211243311114121144414144324434242413333422224142314424413141444324433133223441133124442431121344
144333343223324433233314332321124331111412114441414432443424241333342222414231442441314144432443313322344113312444243112134414231413323112131143331323222313121222411322222231
443244342424133334222241423144244131414443244331332234411331244424311213441423141332311213114333132322231312122241132222223131212311322222224223132424314441224223122432432441
223441133124442431121344142314133231121311433313232223131212224113222222313121231132222222422313242431444122422312243243244144114123124413242343444111324114244224142123313214
222313121222411322222231312123113222222242231324243144412242231224324324414411412312441324234344411132411424422414212331321423424412414443142413223431422222243411221313123232
314441224223122432432441441141231244132423434441113241142442241421233132142342441241444314241322343142222224341122131312323222412212422424132142222422141214231222142422244412
324114244224142123313214234244124144431424132234314222222434112213131232322241221242242413214222242214121423122214242224441213324221143332224233144413242442244122212411221222
422222243411221313123232224122124224241321422224221412142312221424222444121332422114333222423314441324244224412221241122122244134422423313224111411324131421432231211311242213
141214231222142422244412133242211433322242331444132424422441222124112212224413442242331322411141132413142143223121131124221311123234223211412211432422411332121222433122143432
242442244122212411221222441344224233132241114113241314214322312113112422131112323422321141221143242241133212122243312214343221122222411421221222221241123114333244111144131141
131421432231211311242213111232342232114122114324224113321212224331221434322112222241142122122222124112311433324411114413114121222411241112143133312112441411322313142243213233
411332121222433122143432211222224114212212222212411231143332441111441311412122241124111214313331211244141132231314224321323324241214422212322142223122424421211124411214314424
123114333244111144131141212224112411121431333121124414113223131422432132332424121442221232214222312242442121112441121431442422423144213114422242143224331121242231221331131324
441411322313142243213233242412144222123221422231224244212111244112143144242242314421311442224214322433112124223122133113132431412233312241422442444442222422133222422222222323
424421211124411214314424224231442131144222421432243311212422312213311313243141223331224142244244444222242213322242222222232314311112112232121132222242224241311411124413222314
143224331121242231221331131324314122333122414224424444422224221332224222222223231431111211223212113222224222424131141112441322231422213221141221121322322411241211112312222433
324341314233132133222223414142413233342242333114432233314143411332424344324314431334434342341422233443423344114413341432322323434412331424223342223314333331123231414344143341
222234141424132333422423331144322333141434113324243443243144313344343423414222334434233441144133414323223234344123314242233422233143333311232314143441433413141414314441133443
434133444312243333314232333331112224443122423333444232233113441324443422432333441313241441324433334444232343231332231431434233133433243313141434223412343234324332414323324424
444133244114343333143333431434123431412234432223111311114144343333444444244413344413323133344233234314142243443343334333322314333344323233421243431241431414434332333232422332
131111414434333344444424441334441332313334423323431414224344334333433332231433334432323342124343124143141443433233323242233233311443211132223211223332232224443234444432333441
141422434433433343333223143333443232334212434312414314144343323332324223323331144321113222321122333223222444323444443233344143144434141432343423433441114411413444114111444314
431414434332333232422332333114432111322232112233322322244432344444323334414314443414143234342343344111441141344411411144431443443234434443423223233132332324334342333342443243
233323242233233311443211132223211223332232224443234444432333441431444341414323434234334411144114134441141114443144344323443444342322323313233232433434233334244324314441433443
434344414414414114314244441443431433432313324344443144434344144144413334424343432323444334144113314413434333441433234313434433114323444342333323333234433444341132311444434314
314443434414414441333442434343232344433414411331441343433344143323431343443311432344434233332333323443344434113231144443431432322243222413141432443344344144342431414344341433
134343334414332343134344331143234443423333233332344334443411323114444343143232224322241314143244334434414434243141434434143344341433144324141113234133344411311141444423441324
433444341132311444434314323222432224131414324433443441443424314143443414334434143314432414111323413334441131114144442344132414242424242344323414323344414144312224333414433334
344144342431414344341433443414331443241411132341333444113111414444234413241424242424234432341432334441414431222433341443333432424132333341413233431424333233132444142333343432
344411311141444423441324142424242423443234143233444141443122243334144333343242413233334141323343142433323313244414233334343224334411111322212232244311132232322232322333323323
414144312224333414433334324241323333414132334314243332331324441423333434322433441111132221223224431113223232223232233332332332344333331232232432332332332232321431412211124143
333233132444142333343432243344111113222122322443111322323222323223333233233234433333123223243233233233223232143141221112414332341411411111334114341114441141111211411412321111
132232322232322333323323323443333312322324323323323322323214314122111241433234141141111133411434111444114111121141141232111134413123233143424442443233222223222223222222233313
332232321431412211124143323414114111113341143411144411411112114114123211113441312323314342444244323322222322222322222223331333223144114244134222342212322324123322431332232222
441141111211411412321111344131232331434244424432332222232222232222222333133322314411424413422234221232232412332243133223222244443111344443332232433314123333232322223234411113
222223222223222222233313332231441142441342223422123223241233224313322322224444311134444333223243331412333323232222323441111311132132114234431233444421132131424414144422233434
322324123322431332232222444431113444433322324333141233332323222232344111131113213211423443123344442113213142441414442223343441413434334334413332332324313222444414434243233323
123333232322223234411113111321321142344312334444211321314244141444222334344141343433433441333233232431322244441443424323332331411334434223233434343111233344341343444423434444
132131424414144422233434414134343343344133323323243132224444144342432333233141133443422323343434311123334434134344442343444424433433444431433234232143434343343431413433333441
313222444414434243233323314113344342232334343431112333443413434444234344442443343344443143323423214343434334343141343333344142343314321334314333234334333142433322344332344443
233344341343444423434444244334334444314332342321434343433434314134333334414234331432133431433323433433314243332234433234444344434332434234423233434114344411143434434433433444
434343343431413433333441423433143213343143332343343331424333223443323444434443433243423442323343411434441114343443443343344412234443433434431432432334432433443344344333343432
333142433322344332344443444343324342344232334341143444111434344344334334441223444343343443143243233443243344334434433334343234333433334322334333432423324324313411333223311323
344411143434434433433444122344434334344314324323344324334433443443333434323433343333432233433343242332432431341133322331132323322233233333133322414221333323242322233243242243
243233443243344334434433334343234333433334322334333432423324324313411333223311323233222332333331333224142213333232423222332432422434344424323331314344143441412213141433433444
112434332431432343432333434334123334141434233444334334243434143414441444343434343444444443434322424142434443343432323443443434312424342424243244324334443243333414334434444143
222221112224311222212122224311121222241414131224122222323333424323333342232233324344142434324343343331433324234333333441442412333233323324332433343314332413324243334432343444
222232333342432333334223223332434414243432434334333143332423433333344144241233323332332433243334331433241332424333443234344433431433234433333434343333344314323234434341241431
334243233333422322333243441424343243433433314333242343333334414424123332333233243324333433143324133242433344323434443343143323443333343434333334431432323443434124143121414134
431123344142423143232331232423232433244314434313434333143133324332334434124334333314333323241244333233232324324331323122331411314414431241433344113434322432222144141314331322
324232324332443144343134343331431333243323344341243343333143333232412443332332323243243313231223314113144144312414333441134343224322221441413143313222324242442134324412231144
121231133242223323323323322323323323323342413323323323323222323324141113223433331434424344143433432434314334444144413431443144344344431434441443443143334424344233334344323234
423244134343244424412434444443233244411324242244143341431143432143314434311434343131413242143312334144131333334333333344333133344141313334343141123433233441233332431423443444
334143114343214331443431143434313141324214331233414413133333433333334433313334414131333434314112343323344123333243142344344414242244144234434334433333433223343433333313444114
441313333343333333443331333441413133343431411234332334412333324314234434441424224414423443433443333343322334343333331344411441143133333442122111134113444434411141143332314234
343323344123333243142344344414242244144234434334433333433223343433333313444114411431333334421221111341134444344111411433323142343344334441443414334124334143243233134233133124
314142112413124422332233123323311144241331121121422242114212312212411321124112222311312122241212122231123312243312312242232212341212224142244323132224331421141423212231112244
224211421231221241132112411222231131212224121212223112331224331231224223221234121222414224432313222433142114142321223111224432232414233122241313113133222412322241314222332244
311233122433123122422322123412122241422443231322243314211414232122311122443223241423312224131311313322241232224131422233224422221442432141241222323144323133221413122233243313
331421141423212231112244322324142331222413131131332224123222413142223322442222144243214124122232314432313322141312223324331314132214112314331222323211441333241223312223124141
222412322241314222332244222214424321412412223231443231332214131222332433131413221411231433122232321144133324122331222312414111241214141331311231111311423124112221213241212222
323133221413122233243313141322141123143312223232114413332412233122231241411124121414133131123111131142312411222121324121222231122311122111412414422222432111222222241422212122
441333241223312223124141112412141413313112311113114231241122212132412122223112231112211141241442222243211122222224142221212224212423221243241111123224222332112214211312112212
423124112221213241212222311223111221114124144222224321112222222414222121222421242322124324111112322422233211221421131211221223122241244421112122221444334122322244222212143311
432111222222241422212122242124232212432411111232242223321122142113121122122312224124442111212222144433412232224422221214331141213332422412111423224244414311221211413244322122
222332112214211312112212231222412444211121222214443341223222442222121433114121333242241211142322424441431122121141324432212222411432222211111141312332213324222211324214122121
113121122122312224124442111212222144433412232224422221214331141213332422412111423224244414311221211413244322122224114322222111111413123322133242222113242141221212211322111214
333324343432332141432344433424432342344442324242322224432334144431423432444322334141444422344432434214444343222422224223442222422222224141424341414144344234243141333444141114
243231141324434321111422224143223231111423214143313342331444143144214324324443233444413132224342234443244414342432223313413442413134322333244122443143314132433223344423132433
334233144414314421432432444323344441313222434223444324441434243222331341344241313432233324412244314331413243322334442313243312441441433431423141233214342341433333232414231441
432444143424322233134134424131343223332441224431433141324332233444231324331244144143343142314123321434234143333323241423144111312222314133212441113213223324111131134223242333
314132433223344423132433124414414334314231412332143423414333332324142314411131222231413321244111321322332411113113422324233333224334233311431124412412224124324233334413412122
124414414334314231412332143423414333332324142314411131222231413321244111321322332411113113422324233333224334233311431124412412224124324233334413412122411311244223132411413331
442443113223233233243143344414344332433243323332434313334314332333334324332333214443233332334433433143433312222231223332141214141213222434343131313121312134343431111144111111
431333431433233333432433233321444323333233443343314343331222223122333214121414121322243434313131312131213434343111114411111111111111114333133323314332343243111414111133441431
434333122222312233321412141412132224343431313131213121343434311111441111111111111111433313332331433234324311141411113344143143343143234314323431432343143334314333431414413433
312134343431111144111111111111111143331333233143323432431114141111334414314334314323431432343143234314333431433343141441343331414344341431443444314144413341344132343433434233
343243111414111133441431433431432343143234314323431433343143334314144134333141434434143144344431414441334134413234343343423313324234433444333143341434343143444313433434343434
143334314333431414413433314143443414314434443141444133413441323434334342331332423443344433314334143434314344431343343434343441431433424333433433344433343343314443431313432333
413341344132343433434233133242344334443331433414343431434443134334343434344143143342433343343334443334334331444343131343233343333332133344333444344414222431332323332433344424
343143444313433434343434414314334243334334333444333433433144434313134323334333333213334433344434441422243133232333243334442432341432433422431114331132224411111422222244444141
343343314443431313432333433333321333443334443444142224313323233324333444243234143243342243111433113222441111142222224444414132244433224144243331432334343222334122224444433222
222431332323332433344424323414324334224311143311322244111114222222444441413224443322414424333143233434322233412222444443322233141111242243111111432114334434443141441111343324
224411111422222244444141322444332241442433314323343432223341222244444332223314111124224311111143211433443444314144111134332421433443414241141341133123413243342422332222332322
343222334122224444433222331411112422431111114321143344344431414411113433242143344341424114134113312341324334242233222233232244144224414233332444343333313133442141343323443244
334434443141441111343324214334434142411413411331234132433424223322223323224414422441423333244434333331313344214134332344324422343413431433333344334244124323132344432344412334
413243342422332222332322441442244142333324443433333131334421413433234432442234341343143333334433424412432313234443234441233433314421433443234413331442332434333144233233332433
313133442141343323443244223434134314333333443342441243231323444323444123343331442143344323441333144233243433314423323333243333331434134414334444334444434434434333444443312434
124323132344432344412334333144214334432344133314423324343331442332333324333333143413441433444433444443443443433344444331243444241433434432431414433241434332412343343441333414
332434333144233233332433333314341344143344443344444344344343334444433124344424143343443243141443324143433241234334344133341433414333133333323333143333331333244334344444344343
444344344343334444433124344424143343443243141443324143433241234334344133341433414333133333323333143333331333244334344444344343432341232134342334444333343444433444333441423443
314332324314344334344244324144144333414144142344244314344344344344413344314314314314314314314314311331321433233243333434434324334313414333313414334323133334334223231434324333
431434434434434441334431431431431431431431431431133132143323324333343443432433431341433331341433432313333433422323143432433341333343234343433323334334331423334431434333231422
313214332332433334344343243343134143333134143343231333343342232314343243334133334323434343332333433433142333443143433323142242332334132343332344332233434331433431433131433431
133334334223231434324333413333432343434333233343343314233344314343332314224233233413234333234433223343433143343143313143343113433133343143313143313143313143333144312143322344
331423334431434333231422423323341323433323443322334343314334314331314334311343313334314331314331314331314333314431214332234431314333344323344323324344314323323244431334233324
224233233413234333234433223343433143343143313143343113433133343143313143313143313143333144312143322344313143333443233443233243443143233232444313342333243433413123324414422444
312313341134124141414413213143413111424111433143313244142343143334332344334334344414344223414224441413443344114331421111411414111124411411144413324324233413221314413123143413
324414234314333433234433433434441434422341422444141344334411433142111141141411112441141114441332432423341322131441312314341314341414411413314323443341423323423143141123144323
134433441143314211114114141111244114111444133243242334132213144131231434131434141441141331432344334142332342314314112314432314422324144114114144144144144114144144144144114441
233413221314413123143413143414144114133143234433414233234231431411231443231442232414411411414414414414411414414414414411444143133142411411231414414411414411414414414414414133
423323423143141123144323144223241441141141441441441441141441441441441144414313314241141123141441441141441141441441441441413344314311323241441443123141431423243341141142114241
231431411231443231442232414411411414414414414411414414414414411444143133142411411231414414411414411414414414414414133443143113232414414431231414314232433411411421142414411411
243243221244344343244141444443432414324224442124114242113141131413222133133241113243243223114223141231443114411311133234211311321131141331114114142131322114224114131311313224
424211314113141322213313324111324324322311422314123144311441131113323421131132113114133111411414213132211422411413131131322412324111311411422242433213231131432224111414313223
314431144113111332342113113211311413311141141421313221142241141313113132241232411131141142224243321323113143222411141431322333113432432142142322242222322314243242132424141224
322114224114131311313224123241113114114222424332132311314322241114143132233311343243214214232224222232231424324213242414122433344213143143142242122322212214322442141231222232
231131432224111414313223331134324321421423222422223223142432421324241412243334421314314314224212232221221432244214123122223232343232222222211213214311322231233222411134242432
322314243242132424141224333442131431431422421223222122143224421412312222323234323222222221121321431132223123322241113424243241111141141123143111213213241114243112122241421231
424324213242414122433344213143143142242122322212214322442141231222232323432322222222112132143113222312332224111342424324111114114112314311121321324111424311212224142123132434
322421111131132224124332241121212112412231221211311221243121412222112112324312122221243222312422222332112211241222413124422112112212112121223243123131422213121222124211112114
122124312141222211211232431212222124322231242222233211221124122241312442211211221211212122324312313142221312122212421111211431222111112212214222212232433243221112122132223323
321122112412224131244221121122121121212232431231314222131212221242111121143122211111221221422221223243324322111212213222332311111414111131111124321412222132221241322411241242
422213121222124211112114312221111122122142222122324332432211121221322233231111141411113111112432141222213222124132241124124244211242341132321421222141122141124222322143442342
433243221112122132223323111114141111311111243214122221322212413224112412424421124234113232142122214112214112422232214344234242142212222212423121142441211222422143233212113111
222132221241322411241242442112423411323214212221411221411242223221434423424214221222221242312114244121122242214323321211311114232422432242422231312222441222332112121124223232
323214212221411221411242223221434423424214221222221242312114244121122242214323321211311114232422432242422231312222441222332112121124223232222214111144244131142332122223114141
344322414431414133144144314321414414314134232313233432343441144424241414444242424444423443143414444242424331231433133443413412324141314234314344322233414344342334322333433344
343234344114442424141444424242444442344314341444424242433123143313344341341232414131423431434432223341434434233432233343334443143233343314144442411434434132441424433424322224
424243312314331334434134123241413142343143443222334143443423343223334333444314323334331414444241143443413244142443342432222424333244423334421333233332442434433341443114333133
414344342334322333433344431432333433141444424114344341324414244334243222242433324442333442133323333244243443334144311433313341442413313333234134334322441412333444312331333243
434132441424433424322224243332444233344213332333324424344333414431143331334144241331333323413433432244141233344431233133324343333414314324121333144414424231441332433344443434
442434433341443114333133414424133133332341343343224414123334443123313332434333341431432412133314441442423144133243334444343444423433441143314434441433334432432223244311232142
441412333444312331333243433334143143241213331444144242314413324333444434344442343344114331443444143333443243222324431123214232312114241333233324443243222322234122123123142413
424231441332433344443434444234334411433144344414333344324322232443112321423231211424133323332444324322232223412212312314241333213333443243232233314313113233442431114432244431
334432432223244311232142323121142413332333244432432223222341221231231424133321333344324323223331431311323344243111443224443123324424322243323214333124323313143414414141411113
223244311232142323121142413332333244432432223222341221231231424133321333344324323223331431311323344243111443224443123324424322243323214333124323313143414414141411113332414431
334334333122314343113143342344233232343222333421444433423443422342224111343442331333423331434214334434323223443433434343111322333414334434442434443442443143444433344124443433
433423442332323432223334214444334234434223422241113434423313334233314342143344343232234434334343431113223334143344344424344434424431434444333441244434333444234414434434434333
343414413242332343343342343444314242321433144332241311432143344144143433214411333414334414323143414343143324313433343323434233344444442333433233313333433232441322423232223333
131143214334414414343321441133341433441432314341434314332431343334332343423334444444233343323331333343323244132242323222333343434343441314143344342221443334143414333444443343
433441432314341434314332431343334332343423334444444233343323331333343323244132242323222333343434343441314143344342221443334143414333444443343344334441141311343444313341223433
413244412441213244141144112431443221131142412343243242321441222241423222223441411332241322334223331433312423243242433411323314144113314111232334444232133224444342333311232331
324232144122224142322222344141133224132233422333143331242324324243341132331414411331411123233444423213322444434233331123233133232444323314211341441323243112133333214333332443
333124232432424334113233141441133141112323344442321332244443423333112323313323244432331421134144132324311213333321433333244331141311334113224223342441212224441233233133243311
133224444342333311232331332324443233142113414413232431121333332143333324433114131133411322422334244121222444123323313324331113324143412222222242132434333331333331124122324333
243112133333214333332443311413113341132242233424412122244412332331332433111332414341222222224213243433333133333112412232433332332331432422431434244111144441113111231334444444
212224441233233133243311133241434122222222421324343333313333311241223243333233233143242243143424411114444111311123133444444412222222342321222221222223431322432444112442411424
333331333331124122324333323323314324224314342441111444411131112313344444441222222234232122222122222343132243244411244241142432232242411241223214331114412432322312223324322232
144441113111231334444444122222223423212222212222234313224324441124424114243223224241124122321433111441243232231222332432223212441413323142422414222433232432441132434232133133
431322432444112442411424322322424112412232143311144124323223122233243222321244141332314242241422243323243244113243423213313322323213322331144232224332321232131133244312242324
412432322312223324322232124414133231424224142224332324324411324342321331332232321332233114423222433232123213113324431224232424442331241144322441241332214144411442324441423313
232432441132434232133133223232133223311442322243323212321311332443122423242444233124114432244124133221414441144232444142331333231214132114314311244324443121222211433431222211
321232131133244312242324244423312411443224412413322141444114423244414233133323121413211431431124432444312122221143343122221131244423114331231421411443114243211413211141322122
214144411442324441423313332312141321143143112443244431212222114334312222113124442311433123142141144311424321141321114132212224112222122211122141244132444332244331122233124311
443121222211433431222211312444231143312314214114431142432114132111413221222411222212221112214124413244433224433112223312431141111142121222312222321443131132232414242314121322
114243211413211141322122241122221222111221412441324443322443311222331243114111114212122231222232144313113223241424231412132243242322241423224244342312313344131431233314131413
444332244331122233124311411111421212223122223214431311322324142423141213224324232224142322424434231231334413143123331413141322331412224113123213333331131342144242124441413313
131132232414242314121322432423222414232242443423123133441314312333141314132233141222411312321333333113134214424212444141331312312223124132212422241441131321443242242321413414
313344131431233314131413223314122241131232133333311313421442421244414133131231222312413221242224144113132144324224232141341443114323244111431134334142323241411414441431214432
131342144242124441413313123122231241322124222414411313214432422423214134144311432324411143113433414232324141141444143121443242432412221111131411112431114224413241111212333134
131321443242242321413414431143232441114311343341423232414114144414312144324243241222111113141111243111422441324111121233313423223211431123243221144322331113221332211222442114
323241411414441431214432424324122211111314111124311142244132411112123331342322321143112324322114432233111322133221122244211411112114324333212222232223223223232213113244114314
242432412221111131411112431114224413241111212333134232232114311232432211443223311132213322112224421141111211432433321222223222322322323221311324411431433122233331113313313312
333244342333443341443143123331433222133324244433311342414414242414414344312434434333332443244223442423222241332432422413243233314444433324134333244443132222432324313144133134
134241441424241441434431243443433333244324422344242322224133243242241324323331444443332413433324444313222243232431314413313432444422243312442413121114444242141441144114414311
232222413324324224132432333144444333241343332444431322224323243131441331343244442224331244241312111444424214144114411441431141331433242141324243333244324443111144433144443334
132222432324313144133134324444222433124424131211144442421414411441144143114133143324214132424333324432444311114443314444333441433223332331324333234113433231322332114232324312
444242141441144114414311413314332421413242433332443244431111444331444433344143322333233132433323411343323132233211423232431222323142314244131432222444132322424241441322244444
324432444311114443314444333441433223332331324333234113433231322332114232324312223231423142441314322224441323224242414413222444441331443314432444332324324122414123224441233141
243313334434244144134444233133324424443241434341443344144432444144324344324443241431324344144433423443221233314423334423134314344331343234444143434344133241434443133134143343
334414443244414432434432444324143132434414443342344322123331442333442313431434433134323444414343434413324143444313313414334314343433433233333244244414344213224143334132434434
432212333144233344231343143443313432344441434343441332414344431331341433431434343343323333324424441434421322414333413243443441434223432344141244344143343343413434433341443333
133241434443133134143343143434334332333332442444143442132241433341324344344143422343234414124434414334334341343443334144333343414314441143344431433334441343443144433344441314
344213224143334132434434414342234323441412443441433433434134344333414433334341431444114334443143333444134344314443334444131434444134334333132331334442124114321111213142442213
343343413434433341443333434143144411433444314333344413434431444333444413143444413433433313233133444212411432111121314244221311313144144224131443324133222411233314223123313111
441343443144433344441314344441343343331323313344421241143211112131424422131131314414422413144332413322241123331422312331311134414322242112323441224211444331143224244132221424
124114321111213142442213113131441442241314433241332224112333142231233131113441432224211232344122421144433114322424413222142413223241232114113323313314443241444143231142223143
222411233314223123313111344143222421123234412242114443311432242441322214241322324123211411332331331444324144414323114222314332414431244433144144331244241332414133342441223242
444331143224244132221424132232412321141133233133144432414441432311422231433241443124443314414433124424133241413334244122324233142131333242243233223243323333232332421224111434
443241444143231142223143324144312444331441443312442413324141333424412232423314213133324224323322324332333323233242122411143422242422312322123144413324133321141411233223333243
241332414133342441223242331421313332422432332232433233332323324212241114342224242231232212314441332413332114141123322333324331144314223314333331411323123133331232332414424422
142131333242243233223243323333232332421224111434222424223123221231444133241333211414112332233332433114431422331433333141132312313333123233241442442233212332333232322323323433
324444414434432431433424432324314341414343141411431414413311414431411243344343233133433341413242422233242414233141242424123314121243243112442413121113242241324141321441434243
141441331141443141124334434323313343334141324242223324241423314124242412331412124324311244241312111324224132414132144143424332411132331233323323321221222222112442432232132441
443432331334333414132424222332424142331412424241233141212432431124424131211132422413241413214414342433241113233123332332332122122222211244243223213244112142311311142431333113
411114133413233143211431141443131431431424431411431413144143143244212233442412211121422323121433222224324213334423243233324444211443323424233414114411432431222211344242432411
141314414314324421223344241221112142232312143322222432421333442324323332444421144332342423341411441143243122221134424243241131414423241123122331432443243224222241111441311242
243242133344232432333244442114433234242334141144114324312222113442424324113141442324112312233143244324322422224111144131124242421211121111141324324411444233141313344313344143
432431222211344242432411314144232411231223314324432432242222411114413112424242121112111114132432441144423314131334431334414324144142432323141123324224144314124431341132411143
243224222241111441311242424212111211111413243244114442331413133443133441432414414243232314112332422414431412443134113241114323343211221134244143311421113324112232441212323122
444233141313344313344143241441424323231411233242241443141244313411324111432334321122113424414331142111332411223244121232312222321132234412111223114221431111411111111122411124
144314124431341132411143233432112211342441433114211133241122324412123231222232113223441211122311422143111141111111112241112432232321412112432211144133324314314223224421224413
113324112232441212323122223211322344121112231142214311114111111111224111243223232141211243221114413332431431422322442122441312143123231432422433233244233424132133141222413231
431111411111111122411124322323214121124322111441333243143142232244212244131214312323143242243323324423342413213314122241323122242412233223414112323331241222431124422131241124
324314314223224421224413121431232314324224332332442334241321331412224132312224241223322341411232333124122243112442213124112422244411441111324431131232214212124223233124431312
442334241321331412224132312224241223322341411232333124122243112442213124112422244411441111324431131232214212124223233124431312214441114114331411114432333113431224122222111124
222121122232232233141131332324111432244231144421312222222231222231324331442113241324114431423113113443224121222224221223114432232324421412223421112343423343433233443111324111
224244142343332233333414414444143444314343344434344412223233343331444334144144143332444323323113341234443313323344414344343333222232223444231223324314144411113233243424343324
441222323334333144433414414414333244432332311334123444331332334441434434333322223222344423122332431414441111323324342434332433333144321434222441324222242222244344113213344431
344433133233444143443433332222322234442312233243141444111132332434243433243333314432143422244132422224222224434411321334443144114122431311423144444342223311234442423112222441
144411113233243424343324333331443214342224413242222422222443441132133444314411412243131142314444434222331123444242311222244123233333333331333333222441232242344432223313422231
242222244344113213344431441141224313114231444443422233112344424231122224412323333333333133333322244123224234443222331342223132211111111223224211342331144311432333313413334113
223311234442423112222441232333333333313333332224412322423444322233134222313221111111122322421134233114431143233331341333411313433314144113322444433232444413224432143144212231
232242344432223313422231322111111112232242113423311443114323333134133341131343331414411332244443323244441322443214314421223124321433244133122222314122214332231411414412324441
111223224211342331144311432333313413334113134333141441133224444332324444132244321431442122312432143324413312222231412221433223141141441232444111433222441221213241113231223114
243233143343434343433331443333443334443323442233141144414144143334331144343431141414344432433234314233414334414144414343414334343344333344134443323341113312411322232432323224
443134144323331221121222322322324242112233122122324214214122313423341422211141141414111132411114431411112233141432221412221433111412142212442342422422322442411412244311142144
421421412231342334142221114114141411113241111443141111223314143222141222143311141214221244234242242232244241141224431114214414331124411411132114123121123112343333111113113322
111122331414322214122214331114121422124423424224223224424114122443111421441433112441141113211412312112311234333311111311332242231223212442222232322344222321242224441224441122
322442411412244311142144143311244114111321141231211231123433331111131133224223122321244222223232234422232124222444122444112233231324233222243222231422122432332232112222333214
123112343333111113113322422312232124422222323223442223212422244412244411223323132423322224322223142212243233223211222233321432144123223231122112223322222312222311321132312112
222321242224441224441122332313242332222432222314221224323322321122223332143214412322323112211222332222231222231132113231211221433311123223111141422224242114224121413422214141
324233222243222231422122432332232112222333214321441232232311221122233222223122223113211323121122143331112322311114142222424211422412141342221414111314141112131444411111311444
124111334432344122334333434243433123333231432143144242414344322232433343142323213131432314312332413433233233332243144443424114321322314132324324241341322443343314431334123323
424241434432223243334314232321313143231431233241343323323333224314444342411432132231413232432424134132244334331443133412332333344241411442331341123221324314131412224323143434
423142333243143343343343344334332231423143143234434331332334423443413243443444323413414434432413444434434434441141344334442434332244442221424434432232331244423314331433432233
433133233442344341324344344432341341443443241344443443443444114134433444243433224444222142443443223233124442331433143343223332424324241424222331331323314414131431223141422413
344344344411413443344424343322444422214244344322323312444233143314334322333242432424142422233133132331441413143122314142241332242414143244331211222112233123232144222232423221
244442221424434432232331244423314331433432233324243242414242223313313233144141314312231414224133224241414324433121122211223312323214422223242322122422231414431312341411331133
244214331111211241211341411211212311411213322141131131234131131131131443122223441212414231342441421223314112213111122222231141131133132441444121213332222323231314423243433211
211133331422221212342121243212321314423313222131322112112121111121321321211144113314111112111111444231221222122241431412312212311134312144114141111113131422221222222223313131
211211212111112132132121114411331411111211111144423122122212224143141231221231113431214411414111111313142222122222222331313121222122442323321421312311141431222211244422432412
444231221222122241431412312212311134312144114141111113131422221222222223313131212221224423233214213123111414312222112444224324122242222133213122223214213111111111131111111411
144413424111122131421422132422222222441321211412344444111412113131211411121111341321321422141324323243441141143114411421114432431222212222232222321423311312111314424212311414
213142142213242222222244132121141234444411141211313121141112111134132132142214132432324344114114311441142111443243122221222223222232142331131211131442421231141411132222221122
413234121134134241411134122222222222322222313342122222424342332222231122121432222222212222222222223234213242223132413111142222222231141111122223412433434223232424243113441244
222242434233222223112212143222222221222222222222323421324222313241311114222222223114111112222341243343422323242424311344124412442141244112223112124224322411122221331123224121
342132422231324131111422222222311411111222234124334342232324242431134412441244214124411222311212422432241112222133112322412122424121122213221122124122322332322333223112223221
434223232424243113441244124421412441122231121242243224111222213311232241212242412112221322112212412232233232233322311222322111432232213222132332232243231211121143114421141441
124421412441122231121242243224111222213311232241212242412112221322112212412232233232233322311222322111432232213222132332232243231211121143114421141441311324211221332122131121
322334222133412211431314213322213422121212144122442422214322222223324143333244224132242431241131341433122222142224222114441142222224331333111134222111411441111422422232211133
221111314332424442241233313331314443331224443432143132324421231344213322242434332422221213333323333311324211322141142113131313341231131423143424431313314331342222412311431322
313232442123134421332224243433242222121333332333331132421132214114211313131334123113142314342443131331433134222241231143132232422133334413241421231121413243231343442241144141
113242113221411421131313133412311314231434244313133143313422224123114313223242213333441324142123112141324323134344224114414111434223422123344331132132234111113321421131334244
314331342222412311431322324221333344132414212311214132432313434422411441411143422342212334433113213223411111332142113133424411422431414242223432314313213333142421412314423412
413243231343442241144141114342234221233443311321322341111133214211313342441142243141424222343231431321333314242141231442341241423133431223333134443413342443442443243422443443
234111113321421131334244114224314142422234323143132133331424214123144234124142313343122333313444341334244344244324342244344332433312444411133312444134323211213141312442434114
213333142421412314423412414231334312233331344434133424434424432434224434433243331244441113331244413432321121314131244243411414232122414321422442142332334433332411243443211233
342443442443243422443443324333124444111333124441343232112131413124424341141423212241432142244214233233443333241124344321123321132434414313131333231143314144431424242342113444
323211213141312442434114142321224143214224421423323344333324112434432112332113243441431313133323114331414443142424234211344431132324314344113341321322244424233424222312222122
334433332411243443211233211324344143131313332311433141444314242423421134443113232431434411334132132224442423342422231222212233212132443243221244241311224141412242213312121432
314144431424242342113444311323243143441133413213222444242334242223122221223321213244324322124424131122414141224221331212143212244122443312334424133112141432122121212323222422
244424233424222312222122332121324432432212442413112241414122422133121214321224412244331233442413311214143212212121232322242244422212133132214322411141442211113122131122312242
212132443243221244241311224141412242213312121432122441224433123344241331121414321221212123232224224442221213313221432241114144221111312213112231224221142241121314311112444143
333333323233323333333333211342213244334114334322441121144334424243422242321212422122223313312122433423222244311242414443334411133244333242322322413414312233214444232223333232
112114433442424342224232121242212222331331212243342322224431124241444333441113324433324232232241341431223321444423222333323234331114411243114423242241124234241144114314223323
232222443112424144433344111332443332423223224134143122332144442322233332323433111441124311442324224112423424114411431422332324411432232241141311131134232421434133322243144314
312233214444232223333232343311144112431144232422411242342411441143142233232441143223224114131113113423242143413332224314431434411333333133244341314424332324344331111433134242
124234241144114314223323244114322322411413111311342324214341333222431443143441133333313324434131442433232434433111143313424212114121313324311144344313113333142433134224241422
232421434133322243144314344113333331332443413144243323243443311114331342421211412131332431114434431311333314243313422424142244121422424411141423111244323233231143421223113114
332324344331111433134242121141213133243111443443131133331424331342242414224412142242441114142311124432323323114342122311311444432411441243331411442133331224212444123241232444
113333142433134224241422441214224244111414231112443232332311434212231131144443241144124333141144213333122421244412324123244443323442431312432221312424222142341442211111134232
323233231143421223113114444324114412433314114421333312242124441232412324444332344243131243222131242422214234144221111113423214433333341133134444134244222233222411111313412412
323323114342122311311444432411441243331411442133331224212444123241232444433234424313124322213124242221423414422111111342321443333334113313444413424422223322241111131341241211
333414324332424442243133313331314443331324443432143132324421324144213322242434332422222132333322333334114211322141143242111231134123112143144242443131331423121332241231143132
313232442132414421332224243433242222213233332233333411421132214114324211123113412311214314424244313133142312133224123114313223242223333441324142123112144324323434344324114414
341142113221411432421112311341231121431442424431313314231213322412311431322324222333344132414212311214432432343434432411441411113422342213334133113213223414114322142133133124
331423121332241231143132232422233334413241421231121443243234343443241144141111342234221333413311321322341411432214213313312411341443144424222343231431311333314242141231443241
144324323434344324114414111134223422133341331132132234141143221421331331241134144314442422234323143131133331424214123144324124142313243113333312444341331244314244324342244344
223414114322142133133124113414431444242223432314313113333142421412314432412414231324311333331244434133124431424432434224434433243331244141112331244413432321122324131244242411
311333314242141231443241241423132431133333124443413312443142443243422443443324333124414111233124441343232112232413124424241141433212241432143244214233233443333241124344321123
444343424244324342244344332433312441411123312444134323211223241312442424114143321224143214324421423323344333324112434432112332113243441431312432313111331424442442424234211344
432321122324131244242411414332122414321432442142332334433332411243443211233211324344143131243231311133142444244242423421134443113232431434411334132132224442423342422233222212
233443333241124344321123321132434414313124323131113314244424424242342113444311323243143441133413213222444242334242223322221223321212244324322124424131123111114224221331212143
331424442442424234211344431132324314344113341321322244424233424222332222122332121224432432212442413112311111422422133121214321224412244331233442424311314443112242221332122212
224442423342422233222212233212122443243221244241311231111142242213312121432122441224433123344242431131444311224222133212221224422224213312212313241142324241231323231112231222
233212122443243221244241311231111142242213312121432122441224433123344242431131444311224222133212221224422224213312212313241142324241231323231112231222241333231131311231113124
