143144222333311324131311113424311322411132334332442322233144232141444421131322242132424222443233134323412331324434142422142113143132422432234214344143124134433424441132332332
232223314423214144442113132224213242422244323313432341233132443414242214211314313242243223421434414312413443342444113233233224421131144133313444433111143313433313134443334231
234123313244341424221421131431324224322342143441431241344334244411323323322442113114413331344443311114331343331313444333423124242431133331431344341322213243411133313222111424
124134433424441132332332244211311441333134444331111433134333131344433342312424243113333143134434132221324341113331322211142413122411132442133313131324424131443211441243332231
143313433313134443334231242424311333314313443413222132434111333132221114241312241113244213331313132442413144321144124333223144213333414421131343413132344412324141144441324444
213243411133313222111424131224111324421333131313244241314432114412433322314421333341442113134341313234441232414114444132444432232121111434323442221111143223212433241121442413
213331313132442413144321144124333223144213333414421131343413132344412324141144441324444322321211114343234422211111432232124332411214424133441442344313322233222131122112413332
433334413323331334144244444411144443332441334433444244114433344113344233123223323114422414411444421342321244423344244423341114434232441243321424221444223421442442111233314321
424411443334411334423312322332311442241441144442134232124442334424442334111443423244124332142422144422342144244211123331432144342411143432121441214432212333442413343243333441
423212444233442444233411144342324412433214242214442234214424421112333143214434241114343212144121443221233344241334324333344113314333343442232224413134423313144224444421334424
223421442442111233314321443424111434321214412144322123334424133432433334411331433334344223222441313442331314422444442133442424112113333334132411434231423422111344141344232332
212333442413343243333441133143333434422322244131344233131442244444213344242411211333333413241143423142342211134414134423233241412343113413433331342134441134334331111332234441
423313144224444421334424241121133333341324114342314234221113441413442323324141234311341343333134213444113433433111133223444131432124344422413112333142444444334444133143241221
423422111344141344232332414123431134134333313421344411343343311113322344413143212434442241311233314244444433444413314324122132242332434142233232241413244334111443143313444433
441134334331111332234441314321243444224131123331424444443344441331432412213224233243414223323224141324433411144314331344443313311443443431434324312434431144441111123322344424
444444334444133143241221322423324341422332322414132443341114431433134444331331144344343143432431243443114444111112332234442413333244244311233322333221441431241424244234131312
244334111443143313444433133114434434314343243124344311444411111233223444241333324424431123332233322144143124142424423413131223133124432244324244224324422243223333323434444444
431144441111123322344424133332442443112333223332214414312414242442341313122313312443224432424422432442224322333332343444444442432322311323434431331424322311244441331221242432
444241333324424431123332233322144143124142424423413131223133124432244324244224324422243223333323434444444424323223113234344313314243223112444413312212424322233112242242233341
432144112432332441431333333321431444342444441222333324333423243141144424414331133133221421242144344344413231241343234342412413114343311432241322441244333241244434223124442234
332433342324314114442441433113313322142124214434434441323124134323434241241311434331143224132244124433324124443422312444223442442442443432221443143323313433313313323331412141
444132312413432343424124131143433114322413224412443332412444342231244422344244244244343222144314332331343331331332333141214143443443132421444114133444413344231321331144134314
333241244434223124442234424424424434322214431433233134333133133233314121414344344313242144411413344441334423132133114413431413323222224142123134332334411421422444311433313321
313433313313323331412141434434431324214441141334444133442313213311441343141332322222414212313433233441142142244431143331332121242422444124422444422143312331213342132433241214
141334444133442313213311441343141332322222414212313433233441142142244431143331332121242422444124422444422143312331213342132433241214442332243414444123244414232342141334214313
313244424311433331411133413433213241142141342112443333443334113344341334433111144244244124442412413144422442144234211123334423123324421433132121442444232211444414432134423332
333344333411334434133443311114424424412444241241314442244214423421112333442312332442143313212144244423221144441443213442333232243431212441441111434313442331314424224423321334
444224421442342111233344231233244214331321214424442322114444144321344233323224343121244144111143431344233131442422442332133442421121144133344343214431343342211133414333422132
232211444414432134423332322434312124414411114343134423313144242244233213344242112114413334434321443134334221113341433342213233332444311134134333134213442331342343332231124232
442331314424224423321334424211211441333443432144313433422111334143334221323333244431113413433313421344233134234333223112423232322413311214434214334434142241311441331424444433
343342211133414333422132333324443111341343331342134423313423433322311242323232241331121443421433443414224131144133142444443344434441444441144133333133432433322333444414434441
442331342343332231124232323224133112144342143344341422413114413314244444334443444144444114413333313343243332233344441443444111243124444331333143233434434433213143344442143331
142241311441331424444433444344414444411441333331334324333223334444144344411124312444433133314323343443443321314334444214333114113322344424144434442443122223222233212133412312
432433322333444414434441112431244443313331432334344344332131433444421433311411332234442414443444244312222322223321213341231244314233223243233213234244244144334444321222214333
434433213143344442143331141133223444241444344424431222232222332121334123124431423322324323321323424424414433444432122221433334433133312432242143434111444311212223323131113242
213143344442143331141133223444241444344424431222232222332121334123124431423322324323321323424424414433444432122221433334433133312432242143434111444311212223323131113242243433
211223324314422314442232211123242223232121141131323122222313432223242322322232233144432323333224333214432324433422434333443444423113233124122143124414324214414232111224444131
312222231343222324232232223223314443232333322433321443232443342243433344344442311323312412214312441432421441423211122444413131412422244113423133224314242211322443222312411232
144323244334224343334434444231132331241221431244143242144142321112244441313141242224411342313322431424221132244322231241123232224123223313114444214432134442411133232214432112
324214414232111224444131314124222441134231332243142422113224432223124112323222412322331311444421443213444241113323221443211213223212411414124332244121444211314344344121224424
242211322443222312411232322241232233131144442144321344424111332322144321121322321241141412433224412144421131434434412122442414224221141311111331223113433441441324132323123314
134442411133232214432112132232124114141243322441214442113143443441212244241422422114131111133122311343344144132413232312331424412431224142441224132423144432423222144322112233
444211314344344121224424142242211413111113312231134334414413241323231233142441243122414244122413242314443242322214432211223314133232324243221444311131231222443322111244412232
433441441324132323123314244124312241424412241324231444324232221443221122331413323232424322144431113123122244332211124441223242414144441233323312241314324413242232224444332212
144432423222144322112233141332323242432214443111312312224433221112444122324241414444123332331224131432441324223222444433221242442422243323241442132314444312221442222233231223
221443221122331413323232424322144431113123122244332211124441223242414144441233323312241314324413242232224444332212424424222433232414421323144443122214422222332312232211121121
433143333324124444434131323313312411231323333242414411321324232231343141114342321433124434221421241424234243143323314413333333233344414143312142442324344113344241421313344112
441132132423223134314111434232143312443422142124142423424314332331441333333323334441414331214244232434411334424142131334411224331441341334442332223224412111333432311243324414
242342431433233144133333332333444141433121424423243441133442414213133441122433144134133444233222322441211133343231124332441412224443424333334311413243214334142142422444234341
344113344241421313344112243314413413344423322232244121113334323112433244141222444342433333431141324321433414214242244423434111443322424421324332412144424322434142433334441442
412111333432311243324414122244434243333343114132432143341421424224442343411144332242442132433241214442432243414243333444144232342141334243133124143134112332111332311141111133
432311243324414122244434243333343114132432143341421424224442343411144332242442132433241214442432243414243333444144232342141334243133124143134112332111332311141111133111342113
424243334232422424241323244211321414123332314133322221423142424411112323214314244343334113144413324111434111444111331414414323232341343144132344322432411434343134431141443414
222142314242441111232321431424434333411314441332411143411144411133141441432323234134314413234432243241143434313443114144341444434434132442414213433111112222413214344144321411
242441111232321431424434333411314441332411143411144411133141441432323234134314413234432243241143434313443114144341444434434132442414213433111112222413214344144321411441414141
124443434141113233423224141444111111431412411221411141123144221344333443441114111114213144321111312122424244431434112111224413141223441221431414143324224414231111414442242311
112111224413141223441221431414143324224414231111414442242311111122322131422221412331124421334131442231411112221111142322222112132423243423122244243121313431411414111424111412
442133413144223141111222111114232222211213242324342312224424312131343141141411142411141213241144143111131112142434414131232142443141113144113243141411112433114313114214133113
123314422422333133244122233313144414244213232422122134421132224213433142222123233322333331242113221411422222313111413311214334421123143314122132411442311431322324222333344231
213442113222421343314222212323332233333124211322141142222231311141331121433442112314331412213241144231143132232422233334423112422412124323311314443111113113243412342211334311
114222223131114133112143344211231433141221324114423114313223242223333442311242241212432331131444311111311324341234221133431114343321343111432214214312322241112342224432442341
311431322324222333344231124224121243233113144431111131132434123422113343111434332134311143221421431232224111234222443244234123343312223333244214133244314124144321411121333313
113113243412342211334311143433213431114322142143123222411123422244324423412334331222333324421413324431412414432141112133331324434131424223214332434244324332431313332124442424
322241112342224432442341233433122233332442141332443141241443214111213333132443413142422321433243424432433243131333212444242411433111311244131144242411414333342424323432224142
314124144321411121333313244341314242232143324342443243324313133321244424241143311131124413114424241141433334242432343222414233233443333241124244321133221133324314321414313421
324332431313332124442424114331113112441311442424114143333424243234322241423323344333324112424432113322113332431432141431342113331124242123214234211241431122434441244413311321
414333342424323432224142332334433332411242443211332211333243143214143134211333112424212321423421124143112243444124441331132132224442423342422231322222332221212224322124424131
433332411242443211332211333243143214143134211333112424212321423421124143112243444124441331132132224442423342422231322222332221212224322124424131121212131121212121224431331244
221111314323244442242233313333141443331342443443214213132442123134421332224213433242222121323332333334311322141143121311223114323112144144444243114331434332334244431143132132
421313244212313442133222421343324222212132333233333431132214114312131122311432311214414444424311433143433233424443114313213242223333442414433431214132422333134422411142443341
343113221411431213112231143231121441444442431143314343323342444311431321324222333344241443343121413242233313442241114244334123342212334323124213223414114332142123432324411232
434332334244431143132132422233334424144334312141324223331344224111424433412334221233432312421322341411433214212343232441123223413434224343231431323113333441424214322444334124
422333134422411142443341233422123343231242132234141143321421234323244112322341343422434323143132311333344142421432244433412414232441314233331324434131424423314432434324434433
114332142123432324411232234134342243432314313231133334414242143224443341241423244131423333132443413142442331443243432443443331332424433311143313444134321422424113144424241141
333441424214322444334124142324413142333313244341314244233144324343244344333133242443331114331344413432142242411314442424114143321224143213124141423323344333324112434432112332
223124224432434324434433313324244333111433134441343214224241131444242411414332122414321312414142332334433332411243443211233211331244143144314324311333143143314332423421134343
321422424113144424241141433212241432131241414233233443333241124344321123321133124414314431432431133314314331433242342113434311423342443441133413213222444242334242223322221223
344333324112434432112332113312441431443143243113331431433143324234211343431142334244344113341321322244424233424222332222122322411244324322124424131123121412242212312111434142
143143314332423421134343114233424434411334132132224442423342422233222212232241124432432212442413112312141224221231211143414224412244331233142424112314122112213233322422242244
444242334242223322221223224112443243221244241311231214122422123121114341422441224433123314242411231412211221323332242224224412331323334111342222132332211322122411122422241141
221223224112443243221244241311231214122422123121114341422441224433123314242411231412211221323332242224224412331323334111342222132332211322122411122422241141314412223142423131
124142324413123332313344241344244233144324342244344332133212443211343312444134321422424113114424241141433212241432131211411233233443333241124344321123331133234414314424423131
433213321244321134331244413432142242411311442424114143321224143213121141123323344333324112434432112333113323441431442442313111331424122443324234211343431142334244344113341321
414332122414321312114112332334433332411243443211233311332344143144244231311133142412244332423421134343114233424434411334132132224442423342422233222212222122424432432212442413
124344321123331133234414314424423131113314241224433242342113434311423342443441133413213222444242334242223322221222212242443243221244241311231314122422123121114341122441224433
444423433423321313122422424134243443331412234112324211211114322222322321212332314122443142414144141222242234244242244324433213244424444214441233441324112334214212223442131131
421121111432222232232121233231412244314241414414122224223424424224432443321324442444421444123344132411233421421222344213113122244444323423344412233233331234431414424332132422
222422342442422443244332132444244442144412334413241123342142122234421311312224444432342334441223323333123443141442433213242223223411323344343344211421142132241222244213323434
112334214212223442131131222444443234233444122332333312344314144243321324222322341132334434334421142114213224122224421332343414442224441441234414244344413432433444114323313323
331234431414424332132422232234113233443433442114211421322412222442133234341444222444144123441424434441343243344411432331332334323143144441343332442324143232424421232412242242
142132241222244213323434144422244414412344142443444134324334441143233133233432314314444134333244232414323242442123241224224224113342323211413442412132121142342442224242422242
413432433444114323313323343231431444413433324423241432324244212324122422422411334232321141344241213212114234244222424242224222422133224242224223423132242341314343332434112244
143232424421232412242242241133423232114134424121321211423424422242424222422242213322424222422342313224234131434333243411224424213331313343434432243411211213222441414232222433
121142342442224242422242224221332242422242234231322423413143433324341122442421333131334343443224341121121322244141423222243323314242322334222421323423323323233323233443344412
142342442224242422242224221332242422242234231322423413143433324341122442421333131334343443224341121121322244141423222243323314242322334222421323423323323233323233443344412444
433432432431122411424311322431232422432132422411443321131133232414431122432432121443323132331314433212432424121232444432332432432121432441222431432221324311132424132442424143
313113124422133312141224144111222331121113231421221144322422424224413114424333212221444241441433221324431433331424112332331224412144113143212122444214224214314224212231112411
441112223311211132314212211443224224242244131144243332122214442414414332213244314333314241123323312244121441131432121224442142242143142242122311124112431434223341112123121332
112213211222412322214422121124221441321211111221432211243122214211222114432214221222113222132212311412443342244314333313411123214122142334112423321222241221442442314121442314
224123222144221211242214413212111112214322112431222142112221144322142212221132221322123114124433422443143333134111232141221423341124233212222412214424423141214423141113231332
331131124241232243224344144311112224313142121111232431142142432122422441123133421332122214422213432331141234424412143143332123112123214414113242432124222141141221442142323211
432243441443111122243131421211112324311421424321224224411231334213321222144222134323311412344244121431433321231121232144141132424321242221411412214421423232111314113112221332
222112114242242431412211232431314313214331311142231424423331122124441212111132311244234134414241332441112432333342414111332242221113431322441332232334433231434331443121432441
142442333112212444121211113231124423413441424133244111243233334241411133224222111343132244133223233443323143433144312143244123423112333114222441322141322432321242213112244414
411124323333424141113322422211134313224413322323344332314343314431214324412342311233311422244132214132243232124221311224441441434241322133122442342241241342211223311131111131
433231434331443121432441234231123331142224413221413224323212422131122444144143424132213312244234224124134221122331113111113113113113113221422211121122334423222114312314442141
322432321242213112244414414342413221331224423422412413422112233111311111311311311311322142221112112233442322211431231444214133412414411211141133321211413241223412133114143244
241342211223311131111131131131131132214222111211223344232221143123144421413341241441121114113332121141324122341213311414324424232414441221341323434244234413143131242214231242
334423222114312314442141334124144112111411333212114132412234121331141432442423241444122134132343424423441314313124221423124212212442422233311313421232224323214212241132221424
413241223412133114143244242324144412213413234342442344131431312422142312421221244242223331131342123222432321421224113222142412414242132244312421313324122142214333224244121343
234413143131242214231242122124424222333113134212322243232142122411322214241241424213224431242131332412214221433322424412134331324334323144213142144131213333111212244422331323
224323214212241132221424124142421322443124213133241221422143332242441213433132433432314421314214413121333311121224442233132342141411411112214244341113421344222124231114414114
122142214333224244121343313243343231442131421441312133331112122444223313234214141141111221424434111342134422212423111441411442412222112243133241143113332144232233322241242414
314421314214413121333311121224442233132342141411411112214244341113421344222124231114414114424122221122431332411431133321442322333222412424143211211441421133412232213112424123
111431111124241232243224211121311222241414422112111221311421424321222224212221442214321222143222134223314412433214244314333313112123314411433323232434422222314122144214234111
243224211121311222241414422112111221311421424321222224212221442214321222143222134223314412433214244314333313112123314411433323232434422222314122144214234111113321141112221332
422114124241232243223322121311222241414422112114114411421424321232211211221442211321222142222132422314412433212244314333312112123314413133323232432232212124122144224231222141
243223322121311222241414422112114114411421424321232211211221442211321222142222132422314412433212244314333312112123314413133323232432232212124122144224231222141121141111211332
322223143113443442122414211232322114122122211213424223221312221112231112142211412221122144122112213341212242112322321221222212344222411232333221313121241221242143424322122142
422322131222111223111214221141222112214412211221334121224211232232122122221234422241123233322131312124122124214342432212214214214121312321112232131134133211211422224122121211
412122421123223212212222123442224112323332213131212412212421434243221221421421412131232111223213113413321121142222412212121141214412424114432334122242411214422222121223411421
241221242143424322122142142141213123211122321311341332112114222241221212114121441242411443233412224241121442222212122341142144214212243431213212211223313112134244232234232214
133211211422224122121211412144124241144323341222424112144222221212234114214421421224343121321221122331311213424423223423221431112221332223423332124411124432322344133241421314
221212114121441242411443233412224241121442222212122341142144214212243431213212211223313112134244232234232214311122213322234233321244111244323223441332414213142444131133331134
242114222213114131322322241343112311411122213414241111111111111111111422424212324433134211211424243422411222122343111113122431212222344311142111122224224312133221231111112114
111111111111111111142242421232443313421121142424342241122212234311111312243121222234431114211112222422431213322123111111211424324312132222214141113311121122222212243121333422
224112221223431111131224312122223443111421111222242243121332212311111121142432431213222221414111331112112222221224312133342222211211112131224312133323222211211111121224312132
224312133221231111112114243243121322222141411133111211222222122431213334222221121111213122431213332322221121111112122431213222413411131112222342243121333112111141221221212243
121122222212243121333422222112111121312243121333232222112111111212243121322241341113111222234224312133311211114122122121224312133342222211211112131224312133323222211211111121
222211211111121224312132224134111311122223422431213331121111412212212122431213334222221121111213122431213332322221121111112122431213422413411131112222342243121333112111141221
333112111141221221212243121333422222112111121312243121333232222112111111212243121342241341113111222234224312133311211114122122121224312133222232243312133122214334123112242432
