BOA: true
Experiment: 0
Best of iteration 0 : 0.976878612716763 7.691927656356295 21(3)  2084000 33344000
Best of iteration 10 : 0.9710982658959537 7.890173410404628 18(11)  9332379 149318064
0.807	0.865	0.738	0.172	0.725	0.756	0.761	0.829	0.791	0.892	0.746	0.626	0.702	0.785	0.684	0.715	
Best of iteration 20 : 0.9826589595375722 6.734104046242777 21(5)  15439957 247039312
0.864	0.949	0.836	0.055	0.735	0.781	0.804	0.760	0.773	0.885	0.956	0.642	0.816	0.907	0.560	0.606	
Delete:	10, 
Best of iteration 30 : 0.9714285714285714 7.857142857142861 18(12)  23564799 371473545
0.812	0.821	0.892	0.139	0.704	0.723	0.928	0.761	0.766	0.802	0.771	0.706	0.775	0.773	0.646	
Best of iteration 40 : 0.9771428571428571 7.285714285714292 33(11)  29856300 465846060
Best of iteration 50 : 0.9828571428571429 6.714285714285708 22(12)  36410087 564152865
0.803	0.813	0.866	0.261	0.585	0.684	0.901	0.815	0.755	0.640	0.809	0.710	0.607	0.822	0.695	
Best of iteration 60 : 0.9885714285714285 6.142857142857139 12(7)  45461313 699921255
0.800	0.822	0.915	0.282	0.544	0.588	0.928	0.793	0.768	0.688	0.841	0.644	0.594	0.815	0.699	
Best of iteration 70 : 0.9828571428571429 6.714285714285708 20(5)  53581126 821718450
0.747	0.901	0.919	0.270	0.595	0.576	0.918	0.818	0.697	0.660	0.782	0.616	0.627	0.792	0.686	
Best of iteration 80 : 0.9828571428571429 6.714285714285708 20(4)  59673286 913100850
Best of iteration 90 : 0.9828571428571429 6.714285714285708 20(4)  65857396 1005862500
0.788	0.916	0.879	0.274	0.591	0.588	0.885	0.785	0.680	0.755	0.845	0.555	0.609	0.720	0.679	
Best of iteration 100 : 0.9885714285714285 6.142857142857139 15(7)  72021433 1098323055
0.815	0.887	0.885	0.295	0.582	0.570	0.876	0.756	0.657	0.715	0.863	0.548	0.607	0.719	0.743	
Best of iteration 110 : 0.9771428571428571 7.285714285714292 19(6)  78108285 1189625835
0.844	0.925	0.821	0.361	0.513	0.478	0.941	0.758	0.473	0.702	0.832	0.597	0.589	0.718	0.706	
Best of iteration 120 : 0.9771428571428571 7.285714285714292 14(5)  83473184 1270099320
0.878	0.980	0.785	0.397	0.499	0.477	0.973	0.737	0.390	0.747	0.826	0.597	0.622	0.734	0.736	
Delete:	1, 6, 
Best of iteration 130 : 0.9482758620689655 10.172413793103445 20(10)  90644075 1373624493
Best of iteration 140 : 1.0 5.0 20(6)  98920211 1481214261
0.624	0.750	0.194	0.582	0.603	0.666	0.702	0.477	0.681	0.715	0.797	0.772	0.844	
Best of iteration 150 : 1.0 5.0 23(6)  116494211 1709676261
0.616	0.727	0.194	0.564	0.603	0.677	0.718	0.483	0.708	0.722	0.754	0.716	0.809	
Best of iteration 160 : 1.0 5.0 39(6)  137915177 1988148819
0.607	0.730	0.244	0.587	0.636	0.698	0.747	0.449	0.675	0.673	0.740	0.672	0.738	
Best of iteration 170 : 1.0 5.0 25(5)  162301973 2305177167
Best of iteration 180 : 1.0 5.0 20(5)  172478537 2437472499
0.638	0.750	0.124	0.592	0.605	0.654	0.701	0.562	0.806	0.635	0.784	0.664	0.805	
Best of iteration 190 : 1.0 5.0 18(5)  179087927 2523394569
0.685	0.757	0.122	0.599	0.600	0.681	0.658	0.580	0.838	0.645	0.776	0.681	0.800	
Best of iteration 200 : 1.0 5.0 20(5)  185514269 2606937015
0.707	0.737	0.173	0.557	0.626	0.707	0.702	0.623	0.888	0.604	0.775	0.631	0.777	
Best of iteration 210 : 1.0 5.0 16(5)  192098429 2692531095
Best of iteration 220 : 1.0 5.0 20(5)  198619601 2777306331
0.773	0.706	0.165	0.572	0.694	0.720	0.653	0.659	0.847	0.626	0.798	0.631	0.777	
Best of iteration 230 : 1.0 5.0 16(5)  205155041 2862267051
0.791	0.709	0.164	0.563	0.690	0.706	0.645	0.682	0.847	0.600	0.760	0.601	0.758	
Best of iteration 240 : 1.0 5.0 20(5)  211602263 2946080937
0.811	0.707	0.191	0.562	0.672	0.685	0.666	0.671	0.845	0.621	0.745	0.623	0.813	
Best of iteration 250 : 1.0 5.0 20(5)  218008943 3029367777
0.793	0.705	0.183	0.507	0.672	0.699	0.642	0.658	0.823	0.616	0.753	0.651	0.804	
Best of iteration 260 : 1.0 5.0 20(5)  224502623 3113785617
Best of iteration 270 : 1.0 5.0 16(5)  230981339 3198008925
0.793	0.731	0.205	0.519	0.636	0.702	0.661	0.664	0.809	0.662	0.731	0.629	0.820	
Best of iteration 280 : 1.0 5.0 20(5)  237349565 3280795863
0.824	0.722	0.230	0.511	0.626	0.678	0.676	0.625	0.805	0.668	0.728	0.611	0.780	
Best of iteration 290 : 1.0 5.0 13(5)  243851597 3365322279
0.841	0.703	0.182	0.524	0.599	0.687	0.693	0.638	0.794	0.654	0.687	0.596	0.783	
Best of iteration 300 : 1.0 5.0 9(5)  250193375 3447765393
Best of iteration 310 : 1.0 5.0 20(5)  256711937 3532506699
0.824	0.740	0.175	0.521	0.600	0.654	0.624	0.684	0.792	0.629	0.692	0.586	0.741	
Best of iteration 320 : 1.0 5.0 20(5)  263223539 3617157525
0.826	0.773	0.165	0.515	0.607	0.665	0.636	0.656	0.777	0.661	0.682	0.563	0.732	
Best of iteration 330 : 1.0 5.0 20(5)  269531561 3699161811
0.840	0.796	0.175	0.464	0.584	0.724	0.602	0.677	0.730	0.645	0.709	0.620	0.743	
Best of iteration 340 : 1.0 5.0 18(5)  275998793 3783235827
Best of iteration 350 : 1.0 5.0 16(5)  282412085 3866608623
0.841	0.791	0.169	0.483	0.654	0.750	0.613	0.669	0.669	0.658	0.696	0.648	0.786	
Best of iteration 360 : 1.0 5.0 8(5)  288876359 3950644185
0.850	0.793	0.191	0.505	0.659	0.695	0.620	0.631	0.707	0.688	0.679	0.658	0.786	
Best of iteration 370 : 1.0 5.0 15(5)  295322711 4034446761
0.830	0.764	0.205	0.512	0.668	0.657	0.640	0.627	0.732	0.698	0.646	0.649	0.808	
Best of iteration 380 : 1.0 5.0 20(5)  301609853 4116179607
0.805	0.771	0.197	0.502	0.689	0.727	0.614	0.625	0.726	0.654	0.711	0.637	0.794	
Best of iteration 390 : 1.0 5.0 20(5)  307953719 4198649865
Best of iteration 400 : 1.0 5.0 14(5)  314356223 4281882417
0.756	0.783	0.173	0.533	0.677	0.717	0.603	0.630	0.745	0.601	0.689	0.596	0.726	
Best of iteration 410 : 1.0 5.0 19(5)  320878091 4366666701
0.752	0.781	0.160	0.486	0.708	0.682	0.630	0.646	0.746	0.578	0.675	0.605	0.718	
Best of iteration 420 : 1.0 5.0 20(5)  327485741 4452566151
0.738	0.752	0.167	0.462	0.667	0.689	0.649	0.683	0.747	0.587	0.622	0.560	0.684	
Best of iteration 430 : 1.0 5.0 20(5)  333985859 4537067685
Best of iteration 440 : 1.0 5.0 19(5)  340340513 4619678187
0.767	0.771	0.212	0.479	0.678	0.661	0.665	0.623	0.713	0.618	0.599	0.489	0.653	
Best of iteration 450 : 1.0 5.0 18(5)  346836803 4704129957
0.785	0.755	0.208	0.499	0.696	0.664	0.658	0.619	0.730	0.613	0.576	0.463	0.632	
Best of iteration 460 : 1.0 5.0 20(5)  353392427 4789353069
0.773	0.781	0.223	0.468	0.683	0.687	0.651	0.665	0.750	0.617	0.592	0.443	0.625	
Best of iteration 470 : 1.0 5.0 16(5)  359853917 4873352439
Best of iteration 480 : 1.0 5.0 17(5)  366160025 4955331843
0.779	0.733	0.234	0.504	0.646	0.722	0.690	0.661	0.748	0.625	0.643	0.479	0.664	
Best of iteration 490 : 1.0 5.0 20(5)  372578189 5038767975
0.760	0.716	0.241	0.426	0.687	0.720	0.670	0.647	0.788	0.661	0.643	0.504	0.693	
training accuracy 338.0/348.0=	0.9712643678160919
test accuracy 85.0/87.0=	0.9770114942528736
Total time: 576.5
BOA: true
Experiment: 0
Best of iteration 0 : 0.9421965317919075 10.780346820809243 21(11) 2084000 33344000
Best of iteration 10 : 0.9771428571428571 7.285714285714292 20(6) 11770792 188332672
